## trace file of reporting unit ZSum values from gsi_sim.  NumBurnIn= 50000  NumSweeps= 20000 ThinningInterval= 20
SweepNumber	Norton	Upper_Yukon	Middle_Yukon	Lower_Yukon	Bristol_Bay_Kusk
0	265	74	271	242	1423
20	246	74	270	244	1441
40	254	74	271	257	1419
60	251	74	271	261	1418
80	246	74	271	237	1447
100	248	74	271	245	1437
120	248	74	271	241	1441
140	245	74	271	241	1444
160	252	74	271	239	1439
180	247	74	272	232	1450
200	254	74	271	234	1442
220	245	74	271	233	1452
240	250	74	270	241	1440
260	246	74	270	219	1466
280	246	74	270	230	1455
300	255	74	271	238	1437
320	239	74	271	246	1445
340	245	74	271	249	1436
360	257	74	271	216	1457
380	252	74	271	238	1440
400	258	74	271	245	1427
420	257	74	272	240	1432
440	243	74	270	252	1436
460	253	74	270	240	1438
480	256	74	270	237	1438
500	244	74	271	222	1464
520	253	74	271	250	1427
540	247	74	271	246	1437
560	242	74	271	217	1471
580	269	74	272	237	1423
600	252	74	272	259	1418
620	251	74	271	232	1447
640	242	74	271	245	1443
660	255	74	271	229	1446
680	245	74	270	231	1455
700	257	74	272	231	1441
720	253	74	270	238	1440
740	237	74	271	228	1465
760	253	74	271	239	1438
780	251	74	271	238	1441
800	255	74	271	244	1431
820	257	74	271	242	1431
840	251	74	271	252	1427
860	246	73	271	242	1443
880	251	74	271	243	1436
900	244	74	271	246	1440
920	249	74	270	231	1451
940	257	74	270	229	1445
960	263	74	271	218	1449
980	246	74	270	230	1455
1000	246	74	271	253	1431
1020	252	74	270	245	1434
1040	257	74	272	256	1416
1060	252	74	271	248	1430
1080	260	74	271	237	1433
1100	251	74	270	239	1441
1120	246	74	272	231	1452
1140	247	74	270	261	1423
1160	255	74	271	227	1448
1180	247	74	270	240	1444
1200	251	74	272	257	1421
1220	248	74	271	226	1456
1240	251	74	272	238	1440
1260	238	74	270	245	1448
1280	249	74	270	245	1437
1300	244	74	270	235	1452
1320	245	74	272	239	1445
1340	248	74	272	250	1431
1360	259	73	272	238	1433
1380	248	74	271	262	1420
1400	246	74	272	238	1445
1420	245	74	271	237	1448
1440	242	74	271	231	1457
1460	247	74	270	249	1435
1480	253	74	271	241	1436
1500	249	74	271	244	1437
1520	245	74	271	266	1419
1540	254	74	271	242	1434
1560	246	74	271	242	1442
1580	250	74	271	235	1445
1600	247	74	271	220	1463
1620	249	74	271	251	1430
1640	244	74	271	243	1443
1660	251	74	270	239	1441
1680	249	74	271	244	1437
1700	248	74	271	244	1438
1720	254	74	272	239	1436
1740	255	74	272	233	1441
1760	256	74	271	246	1428
1780	252	74	270	250	1429
1800	249	74	271	238	1443
1820	244	74	270	232	1455
1840	245	74	270	245	1441
1860	252	74	271	232	1446
1880	241	74	271	240	1449
1900	258	74	271	223	1449
1920	252	74	271	238	1440
1940	243	74	272	248	1438
1960	256	74	272	252	1421
1980	256	74	272	242	1431
2000	251	73	272	246	1433
2020	242	74	271	241	1447
2040	251	74	272	241	1437
2060	255	74	271	225	1450
2080	251	74	271	232	1447
2100	247	74	270	249	1435
2120	254	74	272	243	1432
2140	251	74	271	233	1446
2160	256	74	272	245	1428
2180	256	74	273	231	1441
2200	250	74	270	242	1439
2220	246	74	272	232	1451
2240	263	74	271	248	1419
2260	245	74	270	236	1450
2280	262	74	271	222	1446
2300	249	74	271	225	1456
2320	251	74	271	218	1461
2340	243	74	270	244	1444
2360	255	74	271	234	1441
2380	248	74	271	241	1441
2400	254	74	272	236	1439
2420	244	74	271	242	1444
2440	261	74	271	238	1431
2460	263	74	272	229	1437
2480	243	74	271	248	1439
2500	262	74	271	226	1442
2520	241	74	271	242	1447
2540	248	74	271	242	1440
2560	250	74	270	239	1442
2580	248	74	272	236	1445
2600	246	74	271	230	1454
2620	253	74	270	221	1457
2640	247	74	272	252	1430
2660	252	74	271	240	1438
2680	245	74	272	237	1447
2700	253	74	272	247	1429
2720	255	74	271	224	1451
2740	245	74	271	238	1447
2760	243	74	271	237	1450
2780	248	74	270	240	1443
2800	249	74	272	248	1432
2820	264	74	270	226	1441
2840	267	74	272	223	1439
2860	242	74	272	243	1444
2880	255	74	271	241	1434
2900	241	74	271	241	1448
2920	252	74	270	242	1437
2940	248	74	271	232	1450
2960	259	74	271	235	1436
2980	257	74	272	236	1436
3000	252	74	271	233	1445
3020	248	74	271	242	1440
3040	240	74	271	246	1444
3060	249	74	271	254	1427
3080	246	74	271	233	1451
3100	249	74	271	252	1429
3120	252	74	270	239	1440
3140	253	74	272	240	1436
3160	248	74	270	232	1451
3180	246	74	271	262	1422
3200	253	74	272	243	1433
3220	251	74	271	220	1459
3240	242	74	271	253	1435
3260	243	74	271	234	1453
3280	253	74	270	229	1449
3300	262	74	270	253	1416
3320	241	74	271	228	1461
3340	251	74	270	244	1436
3360	252	74	270	238	1441
3380	253	74	272	227	1449
3400	247	74	271	244	1439
3420	256	74	271	229	1445
3440	248	74	270	250	1433
3460	254	74	270	238	1439
3480	241	74	270	244	1446
3500	254	74	272	235	1440
3520	252	74	271	233	1445
3540	247	74	270	237	1447
3560	250	74	271	230	1450
3580	254	74	271	248	1428
3600	252	74	271	234	1444
3620	247	74	270	234	1450
3640	245	74	271	253	1432
3660	248	74	270	233	1450
3680	256	74	270	242	1433
3700	241	74	271	228	1461
3720	268	74	271	229	1433
3740	246	74	271	238	1446
3760	260	74	271	227	1443
3780	257	74	271	232	1441
3800	253	74	271	238	1439
3820	248	74	272	234	1447
3840	252	74	270	237	1442
3860	244	74	271	235	1451
3880	257	74	271	253	1420
3900	252	74	272	236	1441
3920	253	74	270	243	1435
3940	259	74	272	228	1442
3960	256	74	271	253	1421
3980	251	74	270	230	1450
4000	259	74	271	230	1441
4020	251	74	270	243	1437
4040	249	74	271	244	1437
4060	251	74	270	234	1446
4080	246	74	271	245	1439
4100	252	74	270	235	1444
4120	252	74	270	222	1457
4140	257	74	270	244	1430
4160	259	73	272	242	1429
4180	252	74	271	238	1440
4200	249	74	271	244	1437
4220	247	74	270	238	1446
4240	256	74	272	227	1446
4260	253	74	270	246	1432
4280	244	74	271	229	1457
4300	257	74	271	236	1437
4320	252	74	270	233	1446
4340	249	74	270	238	1444
4360	246	74	271	231	1453
4380	247	74	272	238	1444
4400	250	74	270	241	1440
4420	249	74	270	231	1451
4440	258	74	270	217	1456
4460	255	74	271	241	1434
4480	257	74	271	237	1436
4500	262	74	270	234	1435
4520	246	74	271	232	1452
4540	246	74	271	249	1435
4560	255	74	270	235	1441
4580	251	74	271	220	1459
4600	255	74	270	242	1434
4620	246	74	270	229	1456
4640	247	74	271	248	1435
4660	240	74	272	240	1449
4680	252	74	271	214	1464
4700	247	74	272	223	1459
4720	243	74	271	244	1443
4740	261	74	272	245	1423
4760	256	74	271	242	1432
4780	252	74	271	250	1428
4800	252	74	271	234	1444
4820	254	74	271	221	1455
4840	242	74	270	240	1449
4860	249	74	272	242	1438
4880	252	74	272	240	1437
4900	257	74	271	238	1435
4920	251	74	271	231	1448
4940	244	74	271	245	1441
4960	254	74	271	244	1432
4980	255	74	272	240	1434
5000	249	74	271	240	1441
5020	259	74	271	217	1454
5040	248	74	270	245	1438
5060	250	74	271	241	1439
5080	255	74	271	245	1430
5100	257	74	270	234	1440
5120	251	74	272	232	1446
5140	250	74	272	241	1438
5160	260	74	271	230	1440
5180	250	74	271	224	1456
5200	246	74	271	253	1431
5220	249	74	270	234	1448
5240	257	74	272	242	1430
5260	247	74	271	229	1454
5280	260	74	271	235	1435
5300	247	74	271	235	1448
5320	251	74	271	244	1435
5340	247	74	271	231	1452
5360	244	74	271	235	1451
5380	243	74	271	243	1444
5400	254	74	270	254	1423
5420	239	74	270	230	1462
5440	258	74	271	231	1441
5460	249	74	271	231	1450
5480	246	74	272	232	1451
5500	247	74	271	234	1449
5520	249	74	272	243	1437
5540	257	74	272	238	1434
5560	251	74	271	236	1443
5580	244	74	270	237	1450
5600	251	74	271	246	1433
5620	256	74	270	239	1436
5640	251	74	271	240	1439
5660	255	74	270	245	1431
5680	260	74	270	229	1442
5700	253	74	270	233	1445
5720	240	74	271	224	1466
5740	248	74	271	228	1454
5760	258	74	271	243	1429
5780	247	74	270	233	1451
5800	250	74	270	243	1438
5820	244	74	270	226	1461
5840	247	73	271	245	1439
5860	252	74	270	242	1437
5880	258	74	270	237	1436
5900	257	74	271	238	1435
5920	261	74	270	237	1433
5940	252	74	270	254	1425
5960	246	74	270	241	1444
5980	241	74	271	235	1454
6000	247	74	271	252	1431
6020	248	74	271	234	1448
6040	249	74	271	238	1443
6060	249	74	272	233	1447
6080	256	74	271	236	1438
6100	250	74	270	235	1446
6120	253	74	270	240	1438
6140	256	74	271	222	1452
6160	254	74	270	229	1448
6180	242	74	271	237	1451
6200	245	74	271	237	1448
6220	245	74	271	242	1443
6240	252	74	271	235	1443
6260	254	74	271	231	1445
6280	254	74	270	248	1429
6300	253	74	270	224	1454
6320	253	74	272	246	1430
6340	241	74	272	245	1443
6360	254	74	270	233	1444
6380	243	74	272	238	1448
6400	248	74	271	241	1441
6420	243	74	271	234	1453
6440	261	74	271	214	1455
6460	250	74	271	245	1435
6480	261	74	271	240	1429
6500	253	74	271	240	1437
6520	247	74	271	257	1426
6540	237	74	272	241	1451
6560	250	74	271	246	1434
6580	240	74	271	245	1445
6600	257	74	271	251	1422
6620	262	74	271	249	1419
6640	256	74	272	241	1432
6660	255	74	271	238	1437
6680	251	74	271	232	1447
6700	249	74	271	229	1452
6720	252	74	271	226	1452
6740	251	74	270	230	1450
6760	254	74	270	234	1443
6780	255	74	271	229	1446
6800	254	74	271	238	1438
6820	248	74	270	242	1441
6840	253	74	271	256	1421
6860	245	74	271	249	1436
6880	247	74	271	255	1428
6900	250	74	271	228	1452
6920	252	74	271	240	1438
6940	258	74	270	251	1422
6960	261	74	271	239	1430
6980	253	74	271	234	1443
7000	245	74	270	227	1459
7020	247	74	271	239	1444
7040	256	74	271	235	1439
7060	249	74	272	249	1431
7080	247	74	272	247	1435
7100	260	74	271	233	1437
7120	246	74	270	237	1448
7140	252	74	270	239	1440
7160	251	74	271	242	1437
7180	240	74	272	237	1452
7200	244	74	271	232	1454
7220	239	74	270	235	1457
7240	248	73	272	237	1445
7260	253	74	272	245	1431
7280	249	74	270	236	1446
7300	250	74	272	221	1458
7320	257	74	271	233	1440
7340	257	74	270	238	1436
7360	252	74	270	242	1437
7380	247	74	271	228	1455
7400	254	74	272	242	1433
7420	257	74	271	240	1433
7440	261	74	271	233	1436
7460	254	74	271	242	1434
7480	259	74	271	244	1427
7500	251	74	270	237	1443
7520	255	74	270	254	1422
7540	254	74	270	246	1431
7560	261	74	271	236	1433
7580	247	74	271	241	1442
7600	244	74	271	233	1453
7620	255	74	270	238	1438
7640	262	74	271	226	1442
7660	247	74	270	258	1426
7680	252	74	270	233	1446
7700	250	74	271	240	1440
7720	250	74	272	236	1443
7740	250	74	271	249	1431
7760	251	74	271	234	1445
7780	248	74	271	239	1443
7800	256	74	272	225	1448
7820	251	74	271	246	1433
7840	243	74	270	233	1455
7860	253	74	270	236	1442
7880	252	74	271	247	1431
7900	252	74	272	223	1454
7920	245	74	272	231	1453
7940	252	74	272	226	1451
7960	252	74	271	233	1445
7980	250	74	270	242	1439
8000	250	74	270	223	1458
8020	259	74	272	234	1436
8040	267	74	272	246	1416
8060	255	74	271	235	1440
8080	251	74	270	238	1442
8100	242	74	271	246	1442
8120	243	74	272	240	1446
8140	254	74	270	229	1448
8160	249	74	272	235	1445
8180	247	74	272	238	1444
8200	250	74	271	251	1429
8220	260	74	271	240	1430
8240	255	74	271	246	1429
8260	253	74	271	230	1447
8280	255	74	270	224	1452
8300	260	74	272	236	1433
8320	240	74	270	243	1448
8340	254	74	271	240	1436
8360	242	74	272	246	1441
8380	248	74	271	229	1453
8400	245	74	271	249	1436
8420	240	74	271	238	1452
8440	242	74	272	238	1449
8460	249	74	270	247	1435
8480	247	74	270	246	1438
8500	243	74	271	240	1447
8520	254	74	270	241	1436
8540	248	74	271	239	1443
8560	248	74	270	237	1446
8580	243	74	271	226	1461
8600	244	74	271	235	1451
8620	260	74	272	222	1447
8640	254	74	271	255	1421
8660	250	74	271	243	1437
8680	253	74	271	225	1452
8700	249	74	271	242	1439
8720	252	74	271	242	1436
8740	244	74	272	250	1435
8760	250	74	271	237	1443
8780	253	74	272	246	1430
8800	250	74	270	259	1422
8820	243	74	272	233	1453
8840	246	74	270	248	1437
8860	244	74	271	234	1452
8880	258	74	271	222	1450
8900	254	74	271	227	1449
8920	250	74	271	232	1448
8940	251	74	271	244	1435
8960	257	74	271	242	1431
8980	257	74	271	239	1434
9000	255	74	272	245	1429
9020	250	74	270	240	1441
9040	256	74	270	233	1442
9060	258	74	271	243	1429
9080	250	74	271	229	1451
9100	244	74	272	234	1451
9120	264	74	271	229	1437
9140	250	74	271	231	1449
9160	255	73	272	252	1423
9180	247	74	271	237	1446
9200	249	74	271	232	1449
9220	255	74	270	218	1458
9240	248	74	270	230	1453
9260	240	74	271	228	1462
9280	259	74	270	231	1441
9300	251	74	271	240	1439
9320	251	74	272	234	1444
9340	264	74	270	250	1417
9360	250	74	271	231	1449
9380	251	74	271	255	1424
9400	250	74	271	232	1448
9420	247	74	271	234	1449
9440	248	74	271	240	1442
9460	258	74	271	234	1438
9480	253	74	271	224	1453
9500	248	74	270	222	1461
9520	251	74	270	236	1444
9540	244	74	271	224	1462
9560	254	74	271	233	1443
9580	255	74	271	233	1442
9600	251	74	270	244	1436
9620	255	74	271	234	1441
9640	248	74	272	243	1438
9660	245	74	271	250	1435
9680	251	74	272	235	1443
9700	251	74	271	242	1437
9720	248	74	272	230	1451
9740	257	74	272	259	1413
9760	258	74	270	249	1424
9780	247	74	271	240	1443
9800	246	74	271	239	1445
9820	254	74	270	234	1443
9840	245	74	270	229	1457
9860	253	74	270	238	1440
9880	255	74	271	238	1437
9900	252	74	272	230	1447
9920	248	74	271	233	1449
9940	249	74	271	252	1429
9960	241	74	271	233	1456
9980	251	74	271	237	1442
10000	248	74	271	233	1449
10020	252	74	271	246	1432
10040	254	74	270	229	1448
10060	247	74	271	227	1456
10080	249	74	271	240	1441
10100	233	74	270	227	1471
10120	247	74	271	235	1448
10140	257	74	272	242	1430
10160	253	74	270	250	1428
10180	253	74	270	251	1427
10200	252	74	271	228	1450
10220	251	74	270	239	1441
10240	245	74	271	247	1438
10260	245	74	271	239	1446
10280	252	74	270	221	1458
10300	258	74	271	238	1434
10320	258	74	271	242	1430
10340	255	74	271	235	1440
10360	247	74	271	235	1448
10380	256	74	271	232	1442
10400	243	74	271	235	1452
10420	258	74	271	243	1429
10440	257	74	271	229	1444
10460	261	74	271	240	1429
10480	249	74	270	234	1448
10500	253	74	271	230	1447
10520	253	74	270	238	1440
10540	259	74	270	228	1444
10560	256	74	271	238	1436
10580	248	74	270	233	1450
10600	248	74	271	249	1433
10620	261	74	271	233	1436
10640	242	74	270	227	1462
10660	236	74	271	239	1455
10680	257	74	272	228	1444
10700	246	74	271	224	1460
10720	256	74	271	222	1452
10740	252	74	270	238	1441
10760	254	74	270	233	1444
10780	245	74	271	236	1449
10800	244	74	272	230	1455
10820	253	74	272	233	1443
10840	250	74	272	230	1449
10860	253	74	270	238	1440
10880	245	74	271	225	1460
10900	249	74	272	232	1448
10920	252	74	271	248	1430
10940	245	74	272	230	1454
10960	257	74	272	224	1448
10980	255	74	271	241	1434
11000	251	74	271	249	1430
11020	254	74	271	260	1416
11040	250	74	270	255	1426
11060	247	74	271	238	1445
11080	251	74	271	231	1448
11100	252	74	270	238	1441
11120	254	73	273	250	1425
11140	261	74	270	235	1435
11160	258	74	271	234	1438
11180	249	74	271	246	1435
11200	245	74	271	230	1455
11220	253	74	272	240	1436
11240	248	74	271	234	1448
11260	249	74	270	253	1429
11280	250	74	272	247	1432
11300	251	74	271	240	1439
11320	258	74	271	233	1439
11340	246	74	271	246	1438
11360	252	74	271	237	1441
11380	246	74	271	229	1455
11400	259	74	270	241	1431
11420	251	74	270	239	1441
11440	257	74	272	247	1425
11460	262	74	271	231	1437
11480	256	74	271	235	1439
11500	243	74	270	229	1459
11520	247	74	271	234	1449
11540	251	73	271	245	1435
11560	255	74	270	223	1453
11580	243	74	272	253	1433
11600	240	74	269	240	1452
11620	253	74	270	236	1442
11640	256	74	272	233	1440
11660	248	74	271	237	1445
11680	249	74	270	241	1441
11700	253	74	270	239	1439
11720	252	74	271	232	1446
11740	252	74	272	213	1464
11760	260	74	271	228	1442
11780	249	74	270	250	1432
11800	250	74	271	224	1456
11820	249	74	271	241	1440
11840	255	74	270	238	1438
11860	259	74	270	228	1444
11880	249	74	270	240	1442
11900	250	74	270	233	1448
11920	256	74	272	229	1444
11940	254	74	272	244	1431
11960	254	74	271	223	1453
11980	250	74	271	244	1436
12000	245	74	272	235	1449
12020	246	74	270	246	1439
12040	250	74	271	231	1449
12060	256	74	270	233	1442
12080	248	73	271	246	1437
12100	254	74	271	244	1432
12120	250	74	271	252	1428
12140	249	74	270	224	1458
12160	248	74	272	227	1454
12180	255	74	270	227	1449
12200	250	74	271	240	1440
12220	250	74	270	224	1457
12240	259	74	271	243	1428
12260	247	74	271	243	1440
12280	243	73	272	246	1441
12300	245	74	271	234	1451
12320	260	74	272	223	1446
12340	256	74	270	230	1445
12360	252	74	271	237	1441
12380	251	74	272	234	1444
12400	257	74	271	227	1446
12420	251	73	272	244	1435
12440	257	74	271	225	1448
12460	246	74	271	238	1446
12480	244	74	272	230	1455
12500	241	74	271	234	1455
12520	249	74	271	233	1448
12540	244	74	270	239	1448
12560	244	74	270	229	1458
12580	256	74	272	249	1424
12600	261	74	272	225	1443
12620	254	74	271	241	1435
12640	249	74	272	247	1433
12660	245	74	271	231	1454
12680	254	74	271	237	1439
12700	239	74	271	243	1448
12720	259	74	271	246	1425
12740	239	74	270	226	1466
12760	258	74	271	235	1437
12780	254	74	271	225	1451
12800	260	74	270	246	1425
12820	260	74	270	234	1437
12840	256	74	270	241	1434
12860	251	74	271	245	1434
12880	255	74	272	248	1426
12900	252	74	271	241	1437
12920	246	74	271	221	1463
12940	257	73	272	230	1443
12960	251	74	271	235	1444
12980	250	74	272	235	1444
13000	243	74	271	229	1458
13020	254	74	271	248	1428
13040	245	74	271	241	1444
13060	253	74	270	244	1434
13080	256	74	270	228	1447
13100	253	74	270	230	1448
13120	249	74	270	227	1455
13140	250	74	271	243	1437
13160	247	74	271	223	1460
13180	252	74	271	228	1450
13200	251	74	270	245	1435
13220	236	74	270	243	1452
13240	253	74	271	243	1434
13260	238	74	271	231	1461
13280	250	74	271	234	1446
13300	255	74	270	243	1433
13320	256	74	270	240	1435
13340	247	74	270	235	1449
13360	261	74	271	229	1440
13380	259	74	270	228	1444
13400	254	74	271	238	1438
13420	257	74	271	231	1442
13440	254	74	271	217	1459
13460	242	74	271	239	1449
13480	246	74	270	238	1447
13500	247	74	271	239	1444
13520	245	74	270	249	1437
13540	248	74	270	248	1435
13560	251	74	272	239	1439
13580	239	73	272	224	1467
13600	247	74	271	260	1423
13620	251	74	271	235	1444
13640	252	74	272	250	1427
13660	251	74	272	239	1439
13680	255	74	270	236	1440
13700	251	74	271	235	1444
13720	251	74	270	238	1442
13740	248	74	271	227	1455
13760	247	74	270	246	1438
13780	255	74	272	240	1434
13800	251	74	270	248	1432
13820	255	74	271	233	1442
13840	249	74	270	221	1461
13860	246	74	271	239	1445
13880	250	74	271	240	1440
13900	249	74	272	251	1429
13920	250	74	271	228	1452
13940	246	74	271	234	1450
13960	250	74	270	244	1437
13980	256	74	271	232	1442
14000	251	74	270	243	1437
14020	249	74	272	229	1451
14040	254	74	271	224	1452
14060	251	74	270	250	1430
14080	248	74	270	233	1450
14100	250	74	270	251	1430
14120	247	74	270	233	1451
14140	243	74	270	235	1453
14160	259	74	270	247	1425
14180	250	74	272	239	1440
14200	246	74	271	229	1455
14220	247	74	271	238	1445
14240	250	74	272	239	1440
14260	253	74	270	233	1445
14280	253	74	272	235	1441
14300	244	74	270	251	1436
14320	250	74	271	241	1439
14340	243	74	271	231	1456
14360	252	74	271	248	1430
14380	253	74	272	231	1445
14400	251	74	271	231	1448
14420	257	74	272	240	1432
14440	246	74	270	238	1447
14460	250	74	271	248	1432
14480	254	74	271	238	1438
14500	250	74	270	240	1441
14520	246	74	271	254	1430
14540	248	74	271	247	1435
14560	252	74	271	223	1455
14580	252	74	271	237	1441
14600	244	74	271	220	1466
14620	247	74	272	244	1438
14640	251	74	271	238	1441
14660	261	74	271	242	1427
14680	243	74	270	237	1451
14700	245	74	272	241	1443
14720	250	74	271	255	1425
14740	239	74	271	239	1452
14760	256	74	272	221	1452
14780	248	74	270	232	1451
14800	245	74	272	229	1455
14820	258	74	271	239	1433
14840	250	74	271	223	1457
14860	255	74	270	236	1440
14880	251	74	271	233	1446
14900	259	74	270	248	1424
14920	262	74	272	234	1433
14940	259	74	271	246	1425
14960	245	74	271	235	1450
14980	260	74	272	228	1441
15000	256	74	271	240	1434
15020	243	74	271	229	1458
15040	258	74	270	241	1432
15060	251	74	271	228	1451
15080	243	74	272	238	1448
15100	251	74	272	241	1437
15120	242	74	271	246	1442
15140	248	74	271	233	1449
15160	256	74	270	249	1426
15180	251	74	271	242	1437
15200	252	74	271	226	1452
15220	255	74	272	248	1426
15240	239	74	271	247	1444
15260	250	74	272	240	1439
15280	249	74	272	237	1443
15300	251	74	270	254	1426
15320	255	74	271	226	1449
15340	255	74	270	239	1437
15360	252	74	271	250	1428
15380	242	74	271	251	1437
15400	258	74	270	252	1421
15420	247	74	271	229	1454
15440	252	74	271	239	1439
15460	251	74	272	239	1439
15480	250	74	271	236	1444
15500	248	74	270	247	1436
15520	255	74	271	232	1443
15540	260	74	271	255	1415
15560	256	74	271	248	1426
15580	248	74	272	231	1450
15600	253	74	271	232	1445
15620	247	74	272	222	1460
15640	257	74	272	227	1445
15660	247	74	271	240	1443
15680	248	74	270	240	1443
15700	243	74	271	238	1449
15720	253	74	272	230	1446
15740	244	74	270	228	1459
15760	246	74	271	224	1460
15780	249	74	272	238	1442
15800	239	74	271	243	1448
15820	253	74	271	251	1426
15840	234	74	271	237	1459
15860	240	74	271	217	1473
15880	257	74	270	233	1441
15900	245	74	271	241	1444
15920	247	74	271	240	1443
15940	246	74	271	232	1452
15960	244	74	271	242	1444
15980	246	74	270	246	1439
16000	261	74	271	228	1441
16020	249	74	272	240	1440
16040	249	74	271	230	1451
16060	246	74	272	230	1453
16080	261	74	272	230	1438
16100	253	74	271	258	1419
16120	251	74	271	245	1434
16140	243	74	271	250	1437
16160	259	74	271	233	1438
16180	247	74	272	245	1437
16200	245	74	271	243	1442
16220	247	74	271	244	1439
16240	247	74	271	241	1442
16260	261	74	270	225	1445
16280	241	74	270	235	1455
16300	251	74	271	224	1455
16320	263	74	271	241	1426
16340	251	73	272	235	1444
16360	256	74	272	215	1458
16380	260	74	271	246	1424
16400	243	74	271	228	1459
16420	255	74	271	232	1443
16440	244	74	272	239	1446
16460	256	74	270	225	1450
16480	255	74	272	232	1442
16500	242	74	270	245	1444
16520	251	74	270	240	1440
16540	248	74	271	243	1439
16560	247	74	271	227	1456
16580	250	74	271	240	1440
16600	258	74	271	249	1423
16620	247	74	271	245	1438
16640	246	74	271	248	1436
16660	255	74	271	222	1453
16680	249	74	271	241	1440
16700	255	74	270	238	1438
16720	250	74	270	242	1439
16740	243	74	271	251	1436
16760	250	74	270	241	1440
16780	247	74	272	229	1453
16800	250	74	270	252	1429
16820	256	74	271	243	1431
16840	250	74	272	221	1458
16860	252	74	272	228	1449
16880	254	74	271	230	1446
16900	260	74	272	223	1446
16920	260	74	270	230	1441
16940	254	74	271	234	1442
16960	246	74	270	225	1460
16980	249	74	271	229	1452
17000	245	74	272	232	1452
17020	252	74	270	231	1448
17040	250	74	271	232	1448
17060	255	74	271	238	1437
17080	252	74	270	238	1441
17100	252	74	271	251	1427
17120	246	74	271	214	1470
17140	256	74	271	207	1467
17160	254	74	271	240	1436
17180	252	74	271	227	1451
17200	244	74	271	233	1453
17220	242	74	271	244	1444
17240	245	74	271	238	1447
17260	253	74	270	245	1433
17280	251	74	270	226	1454
17300	251	74	271	248	1431
17320	246	74	270	236	1449
17340	255	74	270	253	1423
17360	254	74	271	240	1436
17380	248	74	270	231	1452
17400	253	74	270	224	1454
17420	254	74	271	232	1444
17440	245	74	271	235	1450
17460	253	74	271	241	1436
17480	252	74	270	253	1426
17500	247	74	271	238	1445
17520	251	74	270	238	1442
17540	244	74	270	229	1458
17560	253	74	271	236	1441
17580	256	74	272	227	1446
17600	246	74	270	239	1446
17620	257	74	271	237	1436
17640	249	74	270	234	1448
17660	242	74	271	230	1458
17680	251	74	270	224	1456
17700	251	74	271	229	1450
17720	244	74	271	219	1467
17740	255	74	271	239	1436
17760	245	74	270	248	1438
17780	259	74	271	241	1430
17800	253	74	271	247	1430
17820	252	74	271	242	1436
17840	251	74	272	239	1439
17860	248	74	270	237	1446
17880	247	74	270	229	1455
17900	260	74	271	228	1442
17920	254	74	271	253	1423
17940	248	74	271	242	1440
17960	251	74	270	238	1442
17980	251	74	271	237	1442
18000	247	74	270	239	1445
18020	253	74	271	227	1450
18040	242	74	271	229	1459
18060	250	74	272	224	1455
18080	257	74	271	236	1437
18100	254	74	272	246	1429
18120	250	74	271	250	1430
18140	257	74	270	215	1459
18160	253	74	270	235	1443
18180	261	74	271	243	1426
18200	262	74	271	242	1426
18220	248	73	272	224	1458
18240	246	74	271	253	1431
18260	254	74	272	233	1442
18280	244	74	271	238	1448
18300	253	74	270	234	1444
18320	257	74	270	216	1458
18340	249	74	270	242	1440
18360	256	74	270	240	1435
18380	249	74	271	233	1448
18400	258	74	270	234	1439
18420	250	74	271	241	1439
18440	248	74	271	252	1430
18460	248	74	271	222	1460
18480	252	74	270	234	1445
18500	254	74	271	238	1438
18520	262	74	271	246	1422
18540	253	74	271	242	1435
18560	254	74	272	255	1420
18580	254	74	271	227	1449
18600	256	74	272	246	1427
18620	250	74	270	234	1447
18640	246	74	271	246	1438
18660	252	74	271	239	1439
18680	248	74	271	242	1440
18700	248	74	270	243	1440
18720	256	74	270	248	1427
18740	248	74	271	236	1446
18760	246	74	271	240	1444
18780	263	74	272	242	1424
18800	252	74	271	232	1446
18820	252	74	271	220	1458
18840	248	74	271	247	1435
18860	258	74	272	243	1428
18880	259	74	270	229	1443
18900	251	74	271	238	1441
18920	246	74	272	245	1438
18940	259	74	270	238	1434
18960	255	73	271	229	1447
18980	241	74	272	238	1450
19000	244	74	271	221	1465
19020	249	74	270	238	1444
19040	253	74	271	246	1431
19060	249	74	270	233	1449
19080	255	74	270	225	1451
19100	255	74	271	229	1446
19120	252	74	270	245	1434
19140	261	74	270	236	1434
19160	254	73	272	242	1434
19180	247	74	271	241	1442
19200	257	74	270	224	1450
19220	250	74	270	234	1447
19240	241	74	270	249	1441
19260	241	74	271	234	1455
19280	249	74	271	247	1434
19300	252	74	272	228	1449
19320	247	74	272	229	1453
19340	253	74	271	237	1440
19360	241	74	270	237	1453
19380	255	74	270	238	1438
19400	252	74	271	230	1448
19420	268	74	271	220	1442
19440	238	74	271	244	1448
19460	251	73	272	245	1434
19480	245	74	270	252	1434
19500	249	74	270	231	1451
19520	252	74	271	243	1435
19540	248	74	272	236	1445
19560	247	74	272	236	1446
19580	244	74	271	243	1443
19600	249	74	271	236	1445
19620	244	74	270	228	1459
19640	246	74	270	243	1442
19660	255	74	271	222	1453
19680	251	74	270	236	1444
19700	252	74	272	241	1436
19720	250	74	271	242	1438
19740	255	74	272	240	1434
19760	254	74	271	231	1445
19780	248	74	270	235	1448
19800	253	74	272	245	1431
19820	252	74	272	240	1437
19840	248	74	271	230	1452
19860	250	74	271	234	1446
19880	257	74	271	242	1431
19900	251	74	271	242	1437
19920	250	74	270	243	1438
19940	254	74	270	232	1445
19960	246	74	272	241	1442
19980	252	74	270	227	1452
20000	263	74	271	230	1437
20020	239	74	272	250	1440
20040	252	74	271	242	1436
20060	249	74	271	260	1421
20080	241	74	271	237	1452
20100	257	74	271	242	1431
20120	245	74	271	231	1454
20140	255	74	271	238	1437
20160	255	74	271	251	1424
20180	250	74	271	239	1441
20200	249	74	271	242	1439
20220	264	74	271	226	1440
20240	259	74	271	225	1446
20260	252	74	271	228	1450
20280	256	74	272	235	1438
20300	247	74	270	233	1451
20320	255	74	271	257	1418
20340	248	74	270	242	1441
20360	247	74	271	233	1450
20380	247	74	270	248	1436
20400	248	74	270	247	1436
20420	249	74	270	245	1437
20440	249	74	272	235	1445
20460	247	74	271	243	1440
20480	254	74	270	252	1425
20500	251	74	270	246	1434
20520	258	74	270	230	1443
20540	249	73	271	236	1446
20560	245	74	272	228	1456
20580	255	74	271	232	1443
20600	250	74	270	227	1454
20620	253	74	271	241	1436
20640	251	74	271	240	1439
20660	253	74	271	228	1449
20680	259	74	270	231	1441
20700	257	74	271	233	1440
20720	244	73	272	230	1456
20740	239	74	271	238	1453
20760	248	74	272	205	1476
20780	255	74	271	225	1450
20800	250	74	272	236	1443
20820	254	74	271	241	1435
20840	246	74	270	244	1441
20860	243	74	270	246	1442
20880	256	74	271	235	1439
20900	255	74	271	250	1425
20920	259	74	272	240	1430
20940	252	74	270	235	1444
20960	248	74	271	256	1426
20980	250	74	271	238	1442
21000	254	74	271	240	1436
21020	248	74	271	232	1450
21040	256	74	272	245	1428
21060	251	74	271	245	1434
21080	250	74	271	227	1453
21100	250	74	272	234	1445
21120	246	74	270	248	1437
21140	257	74	271	238	1435
21160	256	74	270	220	1455
21180	259	74	271	238	1433
21200	254	74	271	220	1456
21220	249	74	271	249	1432
21240	249	74	270	237	1445
21260	247	74	270	238	1446
21280	255	74	271	227	1448
21300	254	74	272	233	1442
21320	250	74	272	230	1449
21340	259	74	271	220	1451
21360	252	74	272	234	1443
21380	249	74	270	235	1447
21400	247	74	271	243	1440
21420	245	74	271	231	1454
21440	255	74	271	233	1442
21460	260	74	271	252	1418
21480	249	74	271	252	1429
21500	248	74	270	237	1446
21520	245	74	272	235	1449
21540	254	74	270	237	1440
21560	247	74	271	222	1461
21580	247	74	271	238	1445
21600	248	74	271	235	1447
21620	251	74	270	254	1426
21640	260	74	271	240	1430
21660	245	74	271	226	1459
21680	248	74	270	244	1439
21700	252	74	271	230	1448
21720	241	74	270	226	1464
21740	249	74	271	230	1451
21760	242	74	271	244	1444
21780	253	74	270	235	1443
21800	255	74	271	252	1423
21820	255	74	271	238	1437
21840	245	74	270	231	1455
21860	244	74	271	243	1443
21880	252	74	271	227	1451
21900	259	74	271	251	1420
21920	256	74	271	224	1450
21940	256	74	271	233	1441
21960	252	74	271	237	1441
21980	253	74	271	257	1420
22000	263	74	271	232	1435
22020	254	74	271	239	1437
22040	249	74	271	230	1451
22060	250	74	271	236	1444
22080	253	74	271	243	1434
22100	248	74	270	231	1452
22120	250	74	271	263	1417
22140	259	74	272	229	1441
22160	245	74	270	241	1445
22180	247	74	271	233	1450
22200	253	74	271	247	1430
22220	244	74	272	241	1444
22240	259	74	271	252	1419
22260	249	74	270	252	1430
22280	255	74	270	234	1442
22300	248	74	271	231	1451
22320	254	74	270	238	1439
22340	249	74	271	241	1440
22360	244	74	270	244	1443
22380	255	74	271	237	1438
22400	248	74	271	232	1450
22420	247	74	271	243	1440
22440	245	74	270	234	1452
22460	247	74	271	245	1438
22480	248	74	270	250	1433
22500	254	74	271	224	1452
22520	246	74	272	238	1445
22540	255	74	271	236	1439
22560	250	74	271	234	1446
22580	238	74	271	230	1462
22600	261	74	270	231	1439
22620	255	74	270	240	1436
22640	254	74	272	244	1431
22660	246	74	270	239	1446
22680	242	74	271	236	1452
22700	250	74	270	248	1433
22720	249	74	271	229	1452
22740	249	74	270	236	1446
22760	251	74	272	242	1436
22780	246	74	271	235	1449
22800	255	74	270	237	1439
22820	264	74	270	228	1439
22840	253	74	271	216	1461
22860	255	74	271	235	1440
22880	257	74	270	229	1445
22900	253	74	270	237	1441
22920	249	74	271	235	1446
22940	246	74	272	250	1433
22960	252	74	271	246	1432
22980	249	74	270	233	1449
23000	255	74	271	240	1435
23020	243	74	271	246	1441
23040	250	74	271	249	1431
23060	249	74	270	247	1435
23080	250	74	271	241	1439
23100	253	74	271	235	1442
23120	247	73	272	236	1447
23140	253	74	271	236	1441
23160	252	74	272	231	1446
23180	255	74	270	227	1449
23200	256	74	270	227	1448
23220	247	74	272	250	1432
23240	253	74	271	237	1440
23260	253	74	272	237	1439
23280	244	74	271	239	1447
23300	253	74	271	235	1442
23320	245	74	270	247	1439
23340	249	74	270	246	1436
23360	254	74	271	232	1444
23380	251	74	271	235	1444
23400	257	74	270	211	1463
23420	238	74	271	246	1446
23440	254	74	271	226	1450
23460	259	74	271	238	1433
23480	246	74	272	254	1429
23500	247	74	271	241	1442
23520	248	74	269	230	1454
23540	252	74	271	237	1441
23560	243	74	271	233	1454
23580	249	74	271	234	1447
23600	252	74	272	238	1439
23620	245	74	271	247	1438
23640	250	74	270	226	1455
23660	252	74	271	227	1451
23680	252	74	271	234	1444
23700	247	74	270	227	1457
23720	257	74	270	230	1444
23740	247	74	271	228	1455
23760	244	74	271	235	1451
23780	249	74	272	225	1455
23800	247	74	271	235	1448
23820	243	74	271	226	1461
23840	246	74	270	232	1453
23860	244	74	271	242	1444
23880	253	74	271	252	1425
23900	254	73	273	240	1435
23920	253	74	272	237	1439
23940	250	73	273	240	1439
23960	242	74	272	230	1457
23980	251	74	271	242	1437
24000	242	74	271	239	1449
24020	254	74	272	240	1435
24040	257	74	270	231	1443
24060	260	74	271	226	1444
24080	246	74	271	247	1437
24100	253	74	270	225	1453
24120	256	74	271	227	1447
24140	252	74	270	243	1436
24160	256	74	272	233	1440
24180	262	74	269	259	1411
24200	250	74	270	229	1452
24220	245	74	271	247	1438
24240	260	74	271	241	1429
24260	254	74	271	239	1437
24280	241	74	271	223	1466
24300	251	74	272	240	1438
24320	252	74	272	223	1454
24340	258	74	272	244	1427
24360	245	74	271	246	1439
24380	256	74	270	238	1437
24400	247	74	270	230	1454
24420	246	74	271	219	1465
24440	250	74	271	238	1442
24460	255	74	271	235	1440
24480	255	74	270	218	1458
24500	248	74	270	245	1438
24520	241	74	272	243	1445
24540	257	74	270	240	1434
24560	253	74	271	236	1441
24580	248	74	271	233	1449
24600	250	74	271	239	1441
24620	257	74	270	231	1443
24640	253	74	270	229	1449
24660	254	74	271	242	1434
24680	252	74	271	240	1438
24700	258	74	270	236	1437
24720	255	74	270	256	1420
24740	256	74	271	241	1433
24760	257	74	271	240	1433
24780	249	74	271	234	1447
24800	249	74	271	225	1456
24820	257	74	271	229	1444
24840	253	74	271	239	1438
24860	250	74	271	226	1454
24880	247	74	270	237	1447
24900	246	74	270	238	1447
24920	256	74	270	237	1438
24940	254	74	270	237	1440
24960	250	74	270	243	1438
24980	242	74	271	239	1449
25000	251	74	271	228	1451
25020	254	74	270	222	1455
25040	247	74	271	243	1440
25060	258	74	271	238	1434
25080	245	74	271	229	1456
25100	254	74	271	236	1440
25120	248	74	272	245	1436
25140	247	74	270	236	1448
25160	251	74	271	240	1439
25180	256	74	271	246	1428
25200	244	74	270	233	1454
25220	258	74	271	237	1435
25240	256	74	271	245	1429
25260	251	74	271	226	1453
25280	248	74	270	242	1441
25300	254	74	272	221	1454
25320	271	74	271	231	1428
25340	264	74	270	240	1427
25360	239	74	271	224	1467
25380	248	74	270	230	1453
25400	245	74	270	243	1443
25420	249	74	270	239	1443
25440	251	74	271	239	1440
25460	244	74	272	235	1450
25480	252	74	272	238	1439
25500	242	73	272	224	1464
25520	240	74	271	240	1450
25540	244	74	272	236	1449
25560	259	74	270	238	1434
25580	251	74	271	240	1439
25600	256	74	271	252	1422
25620	258	74	271	248	1424
25640	247	74	271	238	1445
25660	247	74	271	240	1443
25680	247	74	272	246	1436
25700	244	74	272	248	1437
25720	248	74	270	256	1427
25740	252	74	271	237	1441
25760	258	74	270	225	1448
25780	250	74	271	227	1453
25800	246	74	272	224	1459
25820	247	74	270	233	1451
25840	251	74	270	241	1439
25860	249	74	270	235	1447
25880	257	74	271	241	1432
25900	249	74	272	238	1442
25920	260	74	271	242	1428
25940	249	74	272	241	1439
25960	250	74	271	239	1441
25980	260	74	270	219	1452
26000	248	74	270	248	1435
26020	252	74	272	237	1440
26040	253	74	272	240	1436
26060	255	74	271	237	1438
26080	245	74	271	238	1447
26100	249	74	271	231	1450
26120	252	74	270	239	1440
26140	252	74	270	237	1442
26160	253	74	271	224	1453
26180	250	74	270	238	1443
26200	253	74	270	238	1440
26220	246	74	270	227	1458
26240	251	74	271	249	1430
26260	259	74	270	232	1440
26280	247	74	270	238	1446
26300	253	74	271	246	1431
26320	253	74	270	246	1432
26340	255	74	272	250	1424
26360	254	74	271	244	1432
26380	254	74	271	223	1453
26400	259	74	271	253	1418
26420	250	74	269	233	1449
26440	258	74	271	242	1430
26460	258	74	271	231	1441
26480	249	74	270	241	1441
26500	259	74	271	244	1427
26520	249	74	271	221	1460
26540	249	74	270	250	1432
26560	248	74	271	241	1441
26580	257	74	271	243	1430
26600	257	74	270	250	1424
26620	251	74	272	242	1436
26640	247	74	270	226	1458
26660	247	74	270	241	1443
26680	253	74	270	227	1451
26700	250	74	271	228	1452
26720	251	74	271	228	1451
26740	253	74	272	238	1438
26760	251	74	271	234	1445
26780	247	74	271	236	1447
26800	250	74	270	250	1431
26820	254	74	270	252	1425
26840	252	74	271	229	1449
26860	255	74	271	236	1439
26880	256	74	272	236	1437
26900	247	74	270	245	1439
26920	257	74	271	244	1429
26940	250	74	271	233	1447
26960	259	74	270	238	1434
26980	239	74	271	231	1460
27000	250	74	271	240	1440
27020	267	74	271	230	1433
27040	248	74	271	223	1459
27060	255	74	271	233	1442
27080	243	74	272	237	1449
27100	254	74	271	239	1437
27120	251	74	271	247	1432
27140	240	74	270	249	1442
27160	246	74	271	235	1449
27180	252	74	271	243	1435
27200	241	74	270	230	1460
27220	253	74	272	235	1441
27240	254	74	272	227	1448
27260	248	74	271	233	1449
27280	249	74	272	224	1456
27300	255	74	271	231	1444
27320	247	74	270	235	1449
27340	259	74	272	236	1434
27360	251	74	272	240	1438
27380	252	74	271	244	1434
27400	252	74	272	232	1445
27420	250	74	271	226	1454
27440	258	74	272	231	1440
27460	255	74	272	230	1444
27480	250	74	271	231	1449
27500	255	74	272	244	1430
27520	254	74	271	227	1449
27540	242	74	271	244	1444
27560	249	74	269	236	1447
27580	253	74	271	236	1441
27600	253	74	271	235	1442
27620	252	74	271	225	1453
27640	261	74	271	236	1433
27660	247	74	272	252	1430
27680	247	74	271	230	1453
27700	245	74	271	243	1442
27720	246	74	271	228	1456
27740	249	73	272	242	1439
27760	248	74	271	238	1444
27780	254	74	271	236	1440
27800	264	74	272	241	1424
27820	246	74	271	238	1446
27840	255	74	271	232	1443
27860	244	74	271	250	1436
27880	246	74	271	250	1434
27900	247	74	271	234	1449
27920	251	74	271	242	1437
27940	272	74	270	228	1431
27960	256	74	271	235	1439
27980	260	74	271	261	1409
28000	249	74	271	251	1430
28020	250	74	270	234	1447
28040	251	74	270	249	1431
28060	258	74	271	240	1432
28080	249	74	270	232	1450
28100	247	74	272	243	1439
28120	262	74	271	249	1419
28140	259	74	271	237	1434
28160	254	74	270	228	1449
28180	241	74	272	233	1455
28200	256	74	270	240	1435
28220	260	74	271	244	1426
28240	249	74	269	232	1451
28260	255	74	270	254	1422
28280	247	74	272	228	1454
28300	247	74	271	245	1438
28320	248	74	271	248	1434
28340	246	74	270	230	1455
28360	249	74	270	245	1437
28380	247	74	271	257	1426
28400	257	74	271	225	1448
28420	250	73	272	223	1457
28440	251	74	271	243	1436
28460	253	74	270	231	1447
28480	256	74	270	236	1439
28500	252	74	271	231	1447
28520	246	74	271	239	1445
28540	250	74	272	233	1446
28560	250	74	270	247	1434
28580	256	74	270	237	1438
28600	262	74	271	234	1434
28620	257	74	272	229	1443
28640	255	74	270	237	1439
28660	259	74	271	229	1442
28680	259	74	271	230	1441
28700	250	74	271	235	1445
28720	246	74	271	243	1441
28740	235	74	271	231	1464
28760	256	74	271	238	1436
28780	254	74	272	259	1416
28800	246	74	270	232	1453
28820	253	74	271	232	1445
28840	248	74	271	231	1451
28860	254	74	271	232	1444
28880	249	74	271	237	1444
28900	241	74	270	245	1445
28920	253	74	271	232	1445
28940	261	74	271	222	1447
28960	254	74	272	251	1424
28980	248	74	270	235	1448
29000	255	74	271	235	1440
29020	258	74	271	237	1435
29040	257	74	272	237	1435
29060	253	74	271	224	1453
29080	254	74	271	238	1438
29100	248	74	271	235	1447
29120	246	74	271	249	1435
29140	260	74	271	224	1446
29160	249	74	271	236	1445
29180	253	74	270	243	1435
29200	245	74	271	233	1452
29220	257	74	271	230	1443
29240	251	74	271	239	1440
29260	249	74	271	239	1442
29280	251	74	271	235	1444
29300	253	74	270	237	1441
29320	259	74	271	228	1443
29340	247	74	271	241	1442
29360	247	74	271	234	1449
29380	251	74	270	243	1437
29400	251	74	270	250	1430
29420	247	74	271	235	1448
29440	242	74	271	240	1448
29460	253	74	271	243	1434
29480	254	74	271	209	1467
29500	249	74	271	246	1435
29520	258	74	271	233	1439
29540	247	74	271	248	1435
29560	252	74	271	234	1444
29580	253	74	271	223	1454
29600	248	74	271	250	1432
29620	247	74	271	228	1455
29640	257	74	272	233	1439
29660	254	74	271	241	1435
29680	248	74	271	253	1429
29700	259	74	271	237	1434
29720	246	74	270	224	1461
29740	250	74	271	242	1438
29760	248	74	271	232	1450
29780	253	74	270	252	1426
29800	259	74	270	249	1423
29820	257	74	270	238	1436
29840	253	74	271	245	1432
29860	252	74	271	234	1444
29880	239	74	272	229	1461
29900	253	74	271	236	1441
29920	250	74	270	241	1440
29940	255	74	270	247	1429
29960	260	74	271	233	1437
29980	245	74	271	227	1458
30000	240	74	271	234	1456
30020	260	74	271	251	1419
30040	247	74	271	251	1432
30060	255	74	271	227	1448
30080	248	74	270	236	1447
30100	258	74	272	234	1437
30120	257	74	270	237	1437
30140	249	74	271	237	1444
30160	254	73	271	244	1433
30180	251	74	271	254	1425
30200	250	73	272	231	1449
30220	250	74	271	261	1419
30240	247	74	271	224	1459
30260	253	74	272	238	1438
30280	244	74	270	229	1458
30300	259	74	272	231	1439
30320	253	74	270	241	1437
30340	254	74	271	234	1442
30360	253	74	271	234	1443
30380	251	74	271	240	1439
30400	247	74	270	227	1457
30420	246	74	271	231	1453
30440	246	74	271	246	1438
30460	259	74	271	241	1430
30480	251	74	271	241	1438
30500	256	74	271	239	1435
30520	251	74	271	235	1444
30540	247	74	271	235	1448
30560	260	74	270	231	1440
30580	250	74	272	239	1440
30600	238	74	271	235	1457
30620	250	74	271	231	1449
30640	248	74	271	222	1460
30660	255	74	271	251	1424
30680	242	74	271	241	1447
30700	255	74	271	228	1447
30720	239	74	271	236	1455
30740	247	74	272	230	1452
30760	252	74	271	229	1449
30780	247	74	272	250	1432
30800	248	74	270	250	1433
30820	263	74	271	236	1431
30840	251	74	272	236	1442
30860	255	74	271	231	1444
30880	253	74	272	231	1445
30900	252	74	271	229	1449
30920	244	74	271	233	1453
30940	249	74	270	234	1448
30960	252	74	270	235	1444
30980	256	74	270	242	1433
31000	252	74	271	227	1451
31020	249	74	272	237	1443
31040	259	74	271	240	1431
31060	249	74	271	246	1435
31080	251	74	270	226	1454
31100	262	74	272	241	1426
31120	249	74	271	246	1435
31140	250	74	271	222	1458
31160	261	74	270	237	1433
31180	254	74	271	224	1452
31200	246	74	271	236	1448
31220	248	74	270	232	1451
31240	251	74	271	246	1433
31260	251	73	272	250	1429
31280	259	74	271	238	1433
31300	249	74	271	242	1439
31320	250	74	272	218	1461
31340	249	74	270	245	1437
31360	251	74	271	243	1436
31380	250	74	272	239	1440
31400	242	74	272	241	1446
31420	250	74	271	233	1447
31440	250	74	271	227	1453
31460	254	74	271	244	1432
31480	252	74	272	224	1453
31500	248	74	270	239	1444
31520	250	74	272	235	1444
31540	254	74	270	248	1429
31560	246	74	271	243	1441
31580	240	74	270	228	1463
31600	252	74	272	241	1436
31620	250	74	271	229	1451
31640	252	74	271	237	1441
31660	246	74	270	241	1444
31680	253	74	271	232	1445
31700	246	74	270	233	1452
31720	266	74	270	242	1423
31740	253	74	271	230	1447
31760	244	74	271	233	1453
31780	259	74	271	254	1417
31800	245	74	271	236	1449
31820	251	74	271	242	1437
31840	254	74	271	237	1439
31860	245	74	271	243	1442
31880	260	74	272	239	1430
31900	240	74	271	230	1460
31920	244	74	271	237	1449
31940	255	74	271	231	1444
31960	252	74	271	229	1449
31980	248	74	270	238	1445
32000	258	74	271	233	1439
32020	251	74	272	240	1438
32040	247	74	271	239	1444
32060	249	74	270	230	1452
32080	259	74	272	238	1432
32100	250	74	271	233	1447
32120	245	74	271	240	1445
32140	239	74	272	234	1456
32160	253	74	271	241	1436
32180	245	74	272	236	1448
32200	249	74	272	224	1456
32220	254	74	271	236	1440
32240	250	74	271	229	1451
32260	251	74	271	231	1448
32280	254	74	270	239	1438
32300	249	74	271	229	1452
32320	249	74	270	247	1435
32340	249	74	271	251	1430
32360	256	74	271	231	1443
32380	251	74	271	244	1435
32400	242	74	271	247	1441
32420	254	74	272	228	1447
32440	249	74	272	245	1435
32460	265	74	271	231	1434
32480	256	74	271	239	1435
32500	242	74	270	237	1452
32520	256	74	272	239	1434
32540	247	74	272	235	1447
32560	241	74	270	239	1451
32580	247	74	272	228	1454
32600	246	74	270	243	1442
32620	266	74	271	244	1420
32640	251	74	270	240	1440
32660	245	74	270	248	1438
32680	252	74	271	250	1428
32700	248	74	270	246	1437
32720	248	74	271	245	1437
32740	272	74	270	240	1419
32760	247	74	270	238	1446
32780	251	74	270	234	1446
32800	256	74	271	231	1443
32820	253	74	272	244	1432
32840	265	74	270	230	1436
32860	253	74	271	233	1444
32880	253	74	271	241	1436
32900	246	74	271	242	1442
32920	259	74	271	224	1447
32940	250	74	271	234	1446
32960	257	74	270	246	1428
32980	247	74	272	237	1445
33000	251	74	271	222	1457
33020	252	74	272	228	1449
33040	260	74	271	240	1430
33060	248	74	272	239	1442
33080	248	74	272	222	1459
33100	256	74	271	255	1419
33120	247	74	270	239	1445
33140	241	74	271	226	1463
33160	263	74	271	233	1434
33180	247	74	271	225	1458
33200	254	74	272	227	1448
33220	259	74	271	229	1442
33240	257	74	272	238	1434
33260	249	74	272	250	1430
33280	242	74	272	257	1430
33300	248	74	271	236	1446
33320	249	74	271	236	1445
33340	251	74	271	243	1436
33360	257	74	271	222	1451
33380	256	74	270	243	1432
33400	252	74	271	234	1444
33420	242	74	270	241	1448
33440	247	74	271	240	1443
33460	254	74	271	227	1449
33480	240	74	271	255	1435
33500	249	74	271	231	1450
33520	257	74	271	235	1438
33540	257	74	271	233	1440
33560	249	74	271	229	1452
33580	248	74	271	235	1447
33600	249	74	270	249	1433
33620	250	74	270	241	1440
33640	252	74	270	236	1443
33660	259	74	271	252	1419
33680	249	74	271	229	1452
33700	250	74	270	232	1449
33720	248	74	272	241	1440
33740	252	74	271	238	1440
33760	251	74	270	259	1421
33780	254	74	271	233	1443
33800	243	74	271	216	1471
33820	248	74	269	235	1449
33840	246	74	271	244	1440
33860	256	74	271	245	1429
33880	254	74	270	232	1445
33900	243	74	272	230	1456
33920	243	74	270	253	1435
33940	249	74	271	254	1427
33960	252	74	271	238	1440
33980	247	74	270	247	1437
34000	248	74	272	234	1447
34020	263	74	271	245	1422
34040	256	74	272	236	1437
34060	248	74	271	244	1438
34080	252	74	272	252	1425
34100	245	74	270	239	1447
34120	259	74	272	243	1427
34140	242	74	272	240	1447
34160	254	74	271	239	1437
34180	257	74	271	226	1447
34200	251	74	270	241	1439
34220	245	74	271	237	1448
34240	238	74	270	225	1468
34260	254	74	271	224	1452
34280	249	74	272	226	1454
34300	249	74	271	235	1446
34320	253	74	271	246	1431
34340	243	74	272	230	1456
34360	243	74	270	234	1454
34380	250	74	270	232	1449
34400	249	74	270	231	1451
34420	250	74	271	226	1454
34440	246	74	271	234	1450
34460	257	74	270	242	1432
34480	245	74	271	236	1449
34500	248	74	271	249	1433
34520	251	74	272	248	1430
34540	244	74	270	237	1450
34560	251	74	270	239	1441
34580	254	74	271	245	1431
34600	261	74	270	231	1439
34620	254	74	272	226	1449
34640	247	74	271	226	1457
34660	253	74	271	214	1463
34680	254	74	271	238	1438
34700	247	74	270	235	1449
34720	255	74	271	246	1429
34740	250	74	271	244	1436
34760	258	74	272	238	1433
34780	262	74	271	249	1419
34800	252	74	270	249	1430
34820	253	74	271	231	1446
34840	252	74	271	233	1445
34860	257	74	271	236	1437
34880	249	74	271	239	1442
34900	252	74	271	235	1443
34920	256	74	272	233	1440
34940	257	74	271	240	1433
34960	252	74	272	234	1443
34980	252	74	272	229	1448
35000	254	74	271	237	1439
35020	252	74	271	263	1415
35040	265	74	270	227	1439
35060	245	74	271	230	1455
35080	252	74	271	223	1455
35100	255	74	271	218	1457
35120	252	74	272	238	1439
35140	241	74	271	234	1455
35160	249	74	271	242	1439
35180	249	74	271	231	1450
35200	239	74	272	244	1446
35220	238	74	271	237	1455
35240	268	74	271	221	1441
35260	240	74	271	262	1428
35280	261	74	271	244	1425
35300	249	74	271	233	1448
35320	241	74	271	229	1460
35340	256	74	271	235	1439
35360	250	74	271	223	1457
35380	252	74	271	241	1437
35400	243	73	271	246	1442
35420	255	74	271	255	1420
35440	245	74	271	236	1449
35460	252	74	270	246	1433
35480	243	74	270	235	1453
35500	244	74	270	226	1461
35520	260	74	269	234	1438
35540	251	74	271	255	1424
35560	259	74	271	225	1446
35580	259	74	270	248	1424
35600	251	74	271	242	1437
35620	256	74	271	244	1430
35640	251	74	272	256	1422
35660	252	74	270	234	1445
35680	247	74	272	240	1442
35700	252	74	271	253	1425
35720	249	74	270	246	1436
35740	259	74	271	246	1425
35760	249	74	272	235	1445
35780	246	74	271	253	1431
35800	250	74	272	237	1442
35820	252	74	271	235	1443
35840	250	74	271	243	1437
35860	248	74	272	235	1446
35880	254	74	270	235	1442
35900	253	74	271	226	1451
35920	255	74	271	234	1441
35940	251	74	272	215	1463
35960	246	74	270	249	1436
35980	256	74	271	239	1435
36000	252	74	271	248	1430
36020	255	74	270	225	1451
36040	241	74	271	234	1455
36060	258	74	270	243	1430
36080	248	74	270	243	1440
36100	243	74	270	241	1447
36120	255	74	271	228	1447
36140	263	74	271	241	1426
36160	249	74	272	237	1443
36180	244	74	270	242	1445
36200	257	74	271	236	1437
36220	250	74	272	230	1449
36240	245	74	272	245	1439
36260	243	74	271	258	1429
36280	253	74	271	231	1446
36300	250	74	272	228	1451
36320	251	74	272	227	1451
36340	251	74	271	252	1427
36360	246	74	272	230	1453
36380	250	74	271	248	1432
36400	257	74	272	228	1444
36420	260	74	270	240	1431
36440	245	74	271	229	1456
36460	260	74	271	235	1435
36480	248	74	270	246	1437
36500	256	74	270	227	1448
36520	257	74	270	239	1435
36540	241	74	270	253	1437
36560	247	74	271	250	1433
36580	245	74	271	223	1462
36600	260	74	270	234	1437
36620	246	74	271	240	1444
36640	254	74	271	242	1434
36660	252	74	271	245	1433
36680	247	74	271	245	1438
36700	246	74	271	241	1443
36720	249	73	271	242	1440
36740	252	74	271	232	1446
36760	243	74	271	233	1454
36780	253	74	270	244	1434
36800	252	74	270	225	1454
36820	236	74	271	244	1450
36840	251	74	272	239	1439
36860	251	74	271	242	1437
36880	250	74	271	250	1430
36900	249	74	271	246	1435
36920	248	74	272	218	1463
36940	246	74	271	221	1463
36960	253	74	270	229	1449
36980	250	74	272	236	1443
37000	251	74	271	237	1442
37020	251	74	272	222	1456
37040	250	74	270	238	1443
37060	247	74	273	241	1440
37080	247	74	271	233	1450
37100	246	74	271	230	1454
37120	247	74	271	241	1442
37140	248	74	271	239	1443
37160	245	74	272	224	1460
37180	252	74	272	229	1448
37200	248	74	271	227	1455
37220	249	74	271	226	1455
37240	250	74	271	236	1444
37260	244	74	271	239	1447
37280	248	74	272	235	1446
37300	248	74	272	236	1445
37320	244	74	272	247	1438
37340	250	74	270	230	1451
37360	262	74	271	229	1439
37380	251	74	271	241	1438
37400	252	74	271	243	1435
37420	260	74	270	221	1450
37440	245	74	271	233	1452
37460	244	74	271	248	1438
37480	252	74	271	249	1429
37500	253	74	270	255	1423
37520	247	74	271	251	1432
37540	248	74	271	230	1452
37560	243	74	271	236	1451
37580	248	74	271	240	1442
37600	256	74	271	239	1435
37620	255	74	271	245	1430
37640	244	74	271	252	1434
37660	248	74	271	220	1462
37680	243	74	270	222	1466
37700	248	74	271	251	1431
37720	255	74	271	252	1423
37740	252	74	270	255	1424
37760	250	74	270	232	1449
37780	260	74	271	262	1408
37800	248	74	270	249	1434
37820	244	74	271	244	1442
37840	250	74	271	231	1449
37860	253	74	271	239	1438
37880	256	74	271	236	1438
37900	241	74	272	234	1454
37920	252	74	270	235	1444
37940	242	74	270	243	1446
37960	252	74	270	241	1438
37980	256	74	272	243	1430
38000	253	74	271	232	1445
38020	247	74	272	235	1447
38040	249	74	270	240	1442
38060	259	74	271	231	1440
38080	261	74	271	226	1443
38100	255	74	270	228	1448
38120	238	74	271	248	1444
38140	249	74	271	243	1438
38160	246	74	271	250	1434
38180	257	74	271	229	1444
38200	252	74	272	233	1444
38220	238	74	270	237	1456
38240	251	74	271	239	1440
38260	252	74	271	238	1440
38280	257	74	271	232	1441
38300	257	74	270	241	1433
38320	248	74	270	218	1465
38340	251	74	270	240	1440
38360	248	74	271	234	1448
38380	247	74	270	244	1440
38400	257	74	271	220	1453
38420	248	74	270	246	1437
38440	242	74	271	212	1476
38460	257	74	271	242	1431
38480	248	74	271	216	1466
38500	253	74	271	230	1447
38520	260	74	271	229	1441
38540	251	74	271	248	1431
38560	255	74	272	230	1444
38580	242	74	271	252	1436
38600	234	74	271	245	1451
38620	246	74	270	234	1451
38640	255	74	270	224	1452
38660	250	74	271	235	1445
38680	244	74	272	237	1448
38700	261	74	272	236	1432
38720	240	74	271	237	1453
38740	252	74	270	243	1436
38760	250	74	270	240	1441
38780	260	74	271	241	1429
38800	252	74	270	254	1425
38820	255	74	270	237	1439
38840	251	74	271	234	1445
38860	252	74	271	251	1427
38880	255	74	272	242	1432
38900	258	74	271	240	1432
38920	253	74	272	228	1448
38940	255	74	270	244	1432
38960	246	74	271	231	1453
38980	245	74	271	242	1443
39000	247	74	272	228	1454
39020	244	74	270	246	1441
39040	255	74	271	249	1426
39060	246	74	270	246	1439
39080	269	74	270	223	1439
39100	260	74	270	232	1439
39120	248	74	271	234	1448
39140	250	74	272	236	1443
39160	251	74	271	231	1448
39180	241	74	271	234	1455
39200	248	74	271	231	1451
39220	241	74	271	246	1443
39240	249	74	271	240	1441
39260	250	74	272	243	1436
39280	255	74	271	247	1428
39300	246	74	271	234	1450
39320	249	74	270	238	1444
39340	248	74	272	250	1431
39360	250	74	270	241	1440
39380	263	74	271	238	1429
39400	263	74	271	244	1423
39420	262	74	270	241	1428
39440	246	74	271	245	1439
39460	245	74	270	230	1456
39480	260	74	271	220	1450
39500	246	74	272	247	1436
39520	237	74	271	244	1449
39540	266	74	272	241	1422
39560	247	74	270	239	1445
39580	251	74	272	237	1441
39600	258	74	270	237	1436
39620	253	74	271	231	1446
39640	259	74	271	229	1442
39660	246	74	271	243	1441
39680	252	74	271	250	1428
39700	256	74	271	240	1434
39720	258	74	272	249	1422
39740	242	74	270	233	1456
39760	250	74	271	237	1443
39780	248	74	272	236	1445
39800	250	74	271	234	1446
39820	252	74	271	254	1424
39840	254	74	270	228	1449
39860	250	74	271	245	1435
39880	247	74	272	235	1447
39900	257	74	270	246	1428
39920	261	74	270	220	1450
39940	254	74	271	226	1450
39960	248	74	272	237	1444
39980	248	74	271	238	1444
40000	258	74	271	239	1433
40020	252	74	271	245	1433
40040	255	74	270	237	1439
40060	254	74	271	231	1445
40080	246	74	271	230	1454
40100	248	74	270	227	1456
40120	246	74	271	250	1434
40140	255	74	270	242	1434
40160	244	74	271	240	1446
40180	252	74	272	233	1444
40200	257	74	270	233	1441
40220	246	74	270	255	1430
40240	251	74	271	239	1440
40260	260	74	271	237	1433
40280	254	74	271	244	1432
40300	254	74	270	244	1433
40320	242	74	271	239	1449
40340	251	74	271	218	1461
40360	249	74	270	240	1442
40380	248	74	272	231	1450
40400	254	74	271	245	1431
40420	253	74	272	241	1435
40440	247	74	271	244	1439
40460	248	74	271	239	1443
40480	252	74	271	241	1437
40500	248	74	270	227	1456
40520	252	74	271	227	1451
40540	246	74	271	235	1449
40560	244	74	271	230	1456
40580	256	74	271	232	1442
40600	252	74	270	231	1448
40620	258	74	272	233	1438
40640	255	74	272	238	1436
40660	242	74	272	227	1460
40680	247	74	270	239	1445
40700	243	74	271	252	1435
40720	253	74	271	248	1429
40740	257	74	271	239	1434
40760	251	74	271	235	1444
40780	254	74	271	244	1432
40800	256	74	271	220	1454
40820	259	74	272	238	1432
40840	246	74	272	238	1445
40860	254	74	271	241	1435
40880	241	74	271	255	1434
40900	242	74	272	240	1447
40920	255	74	271	226	1449
40940	254	74	270	235	1442
40960	248	74	271	234	1448
40980	245	74	271	236	1449
41000	240	74	271	234	1456
41020	256	74	270	236	1439
41040	256	74	271	232	1442
41060	247	74	271	249	1434
41080	245	74	272	242	1442
41100	256	74	270	239	1436
41120	246	74	271	235	1449
41140	249	74	271	240	1441
41160	240	74	272	240	1449
41180	250	74	270	227	1454
41200	243	74	270	248	1440
41220	242	74	271	242	1446
41240	248	74	271	245	1437
41260	259	74	271	217	1454
41280	243	74	271	232	1455
41300	250	74	272	237	1442
41320	250	74	271	237	1443
41340	252	74	271	252	1426
41360	249	74	272	247	1433
41380	251	74	271	238	1441
41400	252	74	270	231	1448
41420	245	74	272	227	1457
41440	251	74	271	241	1438
41460	247	74	272	237	1445
41480	245	74	271	228	1457
41500	237	74	272	247	1445
41520	253	74	272	233	1443
41540	249	74	271	223	1458
41560	256	74	271	243	1431
41580	245	74	270	233	1453
41600	251	74	271	231	1448
41620	249	74	270	243	1439
41640	259	74	271	233	1438
41660	246	74	270	241	1444
41680	243	74	271	256	1431
41700	253	74	271	235	1442
41720	243	74	271	232	1455
41740	247	74	271	232	1451
41760	245	74	271	238	1447
41780	250	74	271	235	1445
41800	244	74	271	258	1428
41820	250	74	270	233	1448
41840	256	74	271	227	1447
41860	254	74	271	242	1434
41880	256	74	271	237	1437
41900	256	74	271	239	1435
41920	250	74	270	237	1444
41940	254	74	271	243	1433
41960	248	74	272	243	1438
41980	251	74	270	238	1442
42000	248	74	271	245	1437
42020	246	74	271	249	1435
42040	251	74	272	246	1432
42060	258	74	270	240	1433
42080	251	74	271	221	1458
42100	251	74	270	244	1436
42120	258	74	271	236	1436
42140	248	74	271	237	1445
42160	252	74	270	242	1437
42180	257	74	270	244	1430
42200	246	74	271	241	1443
42220	250	74	271	247	1433
42240	249	74	271	232	1449
42260	259	74	271	241	1430
42280	253	74	272	225	1451
42300	251	74	272	237	1441
42320	258	74	271	235	1437
42340	247	74	271	248	1435
42360	249	74	271	244	1437
42380	249	74	271	223	1458
42400	252	74	270	253	1426
42420	255	74	271	235	1440
42440	258	74	271	242	1430
42460	252	74	271	237	1441
42480	244	74	272	240	1445
42500	256	74	271	230	1444
42520	255	74	271	237	1438
42540	248	74	271	235	1447
42560	251	74	270	232	1448
42580	247	74	271	240	1443
42600	253	74	270	238	1440
42620	248	74	271	247	1435
42640	247	74	271	255	1428
42660	243	74	270	252	1436
42680	252	74	271	254	1424
42700	247	74	271	236	1447
42720	252	74	271	241	1437
42740	255	74	271	232	1443
42760	251	74	271	241	1438
42780	255	74	271	232	1443
42800	247	74	270	241	1443
42820	249	74	271	240	1441
42840	251	74	271	232	1447
42860	247	74	271	236	1447
42880	244	74	271	252	1434
42900	255	74	271	236	1439
42920	253	74	272	231	1445
42940	244	74	272	237	1448
42960	251	74	271	225	1454
42980	241	74	271	231	1458
43000	252	74	272	232	1445
43020	254	74	271	236	1440
43040	254	74	270	239	1438
43060	247	74	272	237	1445
43080	247	74	272	254	1428
43100	254	74	271	237	1439
43120	255	74	271	233	1442
43140	254	74	271	242	1434
43160	245	74	271	240	1445
43180	255	74	270	221	1455
43200	240	74	270	250	1441
43220	245	74	270	248	1438
43240	247	74	270	232	1452
43260	254	74	271	233	1443
43280	257	74	270	243	1431
43300	249	74	270	228	1454
43320	255	74	270	228	1448
43340	243	74	272	236	1450
43360	247	74	270	231	1453
43380	248	74	271	246	1436
43400	257	74	271	223	1450
43420	251	74	271	229	1450
43440	245	74	271	235	1450
43460	258	74	270	242	1431
43480	262	74	271	239	1429
43500	253	74	272	241	1435
43520	255	74	270	243	1433
43540	261	74	271	240	1429
43560	252	74	271	254	1424
43580	262	74	270	234	1435
43600	253	74	271	225	1452
43620	247	74	271	240	1443
43640	256	74	272	233	1440
43660	254	74	271	247	1429
43680	259	74	272	236	1434
43700	249	74	271	248	1433
43720	259	74	270	214	1458
43740	253	74	270	237	1441
43760	254	74	271	241	1435
43780	249	74	270	242	1440
43800	251	74	272	227	1451
43820	243	74	271	229	1458
43840	246	74	270	243	1442
43860	256	74	270	232	1443
43880	252	74	271	244	1434
43900	252	74	271	230	1448
43920	259	74	271	247	1424
43940	255	74	271	229	1446
43960	247	74	270	225	1459
43980	249	74	272	228	1452
44000	256	74	271	231	1443
44020	257	74	271	233	1440
44040	237	74	271	249	1444
44060	252	74	271	238	1440
44080	256	74	271	229	1445
44100	251	74	271	235	1444
44120	254	74	270	236	1441
44140	241	74	271	238	1451
44160	252	74	271	235	1443
44180	250	74	270	237	1444
44200	250	74	270	238	1443
44220	250	74	271	243	1437
44240	250	74	272	243	1436
44260	257	74	271	245	1428
44280	250	74	270	237	1444
44300	245	74	271	237	1448
44320	251	74	271	227	1452
44340	261	74	270	230	1440
44360	248	74	271	245	1437
44380	240	74	271	223	1467
44400	256	74	271	248	1426
44420	253	74	271	255	1422
44440	260	74	271	259	1411
44460	261	74	271	229	1440
44480	241	74	271	231	1458
44500	251	74	271	250	1429
44520	248	74	271	246	1436
44540	252	74	271	229	1449
44560	248	74	271	227	1455
44580	257	74	272	230	1442
44600	247	74	271	250	1433
44620	246	74	271	225	1459
44640	246	74	270	243	1442
44660	243	74	271	225	1462
44680	242	74	271	231	1457
44700	257	74	270	238	1436
44720	243	74	270	232	1456
44740	254	74	271	245	1431
44760	257	74	272	235	1437
44780	255	74	269	235	1442
44800	251	74	271	244	1435
44820	248	74	271	226	1456
44840	247	74	271	241	1442
44860	238	74	271	237	1455
44880	253	74	270	228	1450
44900	246	74	271	244	1440
44920	245	74	272	240	1444
44940	256	74	271	233	1441
44960	252	74	272	226	1451
44980	255	74	271	233	1442
45000	252	74	271	255	1423
45020	240	74	271	232	1458
45040	250	74	271	237	1443
45060	251	74	271	236	1443
45080	242	74	271	242	1446
45100	240	74	272	229	1460
45120	246	74	271	235	1449
45140	253	74	271	230	1447
45160	259	74	271	242	1429
45180	252	74	271	238	1440
45200	246	74	271	230	1454
45220	242	74	271	245	1443
45240	244	74	272	236	1449
45260	260	74	271	232	1438
45280	254	74	271	224	1452
45300	252	74	271	230	1448
45320	256	74	271	231	1443
45340	263	74	271	243	1424
45360	253	74	271	227	1450
45380	254	74	270	238	1439
45400	253	74	271	227	1450
45420	250	74	272	233	1446
45440	254	74	271	221	1455
45460	258	74	272	232	1439
45480	262	74	270	230	1439
45500	260	73	271	250	1421
45520	246	74	271	243	1441
45540	243	74	271	216	1471
45560	250	74	271	231	1449
45580	240	74	272	250	1439
45600	261	74	270	243	1427
45620	253	74	271	237	1440
45640	248	74	270	230	1453
45660	251	74	271	255	1424
45680	257	74	271	228	1445
45700	245	74	271	244	1441
45720	248	74	270	247	1436
45740	246	74	271	242	1442
45760	245	74	271	242	1443
45780	248	74	272	231	1450
45800	260	74	271	241	1429
45820	247	74	271	247	1436
45840	255	74	272	232	1442
45860	257	74	270	238	1436
45880	244	74	270	234	1453
45900	250	74	271	234	1446
45920	246	74	271	243	1441
45940	245	74	271	233	1452
45960	244	74	270	255	1432
45980	255	74	271	238	1437
46000	249	74	271	244	1437
46020	244	74	271	231	1455
46040	254	74	271	233	1443
46060	258	74	270	235	1438
46080	261	74	271	238	1431
46100	257	74	272	224	1448
46120	251	74	270	244	1436
46140	254	74	271	229	1447
46160	249	74	271	239	1442
46180	254	74	271	235	1441
46200	251	74	270	238	1442
46220	250	74	271	243	1437
46240	254	74	270	239	1438
46260	252	74	271	223	1455
46280	258	74	272	231	1440
46300	248	74	270	244	1439
46320	263	74	271	244	1423
46340	254	74	271	242	1434
46360	256	74	271	229	1445
46380	256	74	270	238	1437
46400	254	74	271	228	1448
46420	250	74	271	249	1431
46440	251	74	272	232	1446
46460	262	74	270	241	1428
46480	244	74	271	232	1454
46500	250	74	270	258	1423
46520	262	74	271	232	1436
46540	247	74	270	238	1446
46560	242	74	271	231	1457
46580	244	74	271	234	1452
46600	254	74	270	237	1440
46620	251	74	271	236	1443
46640	253	74	271	234	1443
46660	252	74	270	229	1450
46680	240	74	271	226	1464
46700	245	74	270	243	1443
46720	249	74	270	229	1453
46740	244	74	270	233	1454
46760	255	74	271	233	1442
46780	251	74	271	246	1433
46800	253	74	271	220	1457
46820	248	74	271	245	1437
46840	247	74	271	235	1448
46860	253	74	272	232	1444
46880	250	74	270	235	1446
46900	255	74	271	227	1448
46920	251	74	271	255	1424
46940	247	74	270	221	1463
46960	258	74	271	238	1434
46980	250	74	271	236	1444
47000	252	74	270	225	1454
47020	248	74	270	237	1446
47040	255	74	271	245	1430
47060	253	74	272	229	1447
47080	243	74	271	257	1430
47100	251	74	271	231	1448
47120	251	74	271	229	1450
47140	251	74	272	257	1421
47160	255	74	271	241	1434
47180	253	74	271	233	1444
47200	253	74	270	233	1445
47220	259	74	271	233	1438
47240	256	74	270	230	1445
47260	251	74	271	239	1440
47280	261	74	271	246	1423
47300	261	74	271	225	1444
47320	248	74	270	223	1460
47340	258	74	271	245	1427
47360	259	74	271	244	1427
47380	249	74	270	246	1436
47400	247	74	270	241	1443
47420	243	74	272	237	1449
47440	245	74	271	239	1446
47460	260	74	270	232	1439
47480	258	74	272	239	1432
47500	248	74	270	249	1434
47520	248	74	271	250	1432
47540	237	74	272	248	1444
47560	257	74	271	235	1438
47580	237	74	270	238	1456
47600	250	74	272	238	1441
47620	249	74	271	244	1437
47640	247	74	271	251	1432
47660	253	74	270	238	1440
47680	251	74	271	235	1444
47700	263	74	270	244	1424
47720	261	74	272	252	1416
47740	245	74	271	237	1448
47760	259	74	271	241	1430
47780	245	74	271	237	1448
47800	243	74	272	244	1442
47820	240	74	272	236	1453
47840	252	74	271	240	1438
47860	257	74	270	252	1422
47880	248	74	271	240	1442
47900	249	74	270	237	1445
47920	248	74	271	256	1426
47940	259	74	271	243	1428
47960	250	74	270	248	1433
47980	239	74	270	251	1441
48000	240	74	272	244	1445
48020	250	74	271	237	1443
48040	249	74	270	236	1446
48060	256	74	271	240	1434
48080	249	74	270	231	1451
48100	248	74	271	240	1442
48120	252	73	273	240	1437
48140	249	74	272	231	1449
48160	246	74	271	223	1461
48180	248	74	271	233	1449
48200	258	74	270	226	1447
48220	251	74	272	237	1441
48240	258	74	272	233	1438
48260	255	74	271	219	1456
48280	257	74	270	241	1433
48300	254	74	271	253	1423
48320	257	74	271	244	1429
48340	250	74	271	226	1454
48360	256	74	271	227	1447
48380	257	74	271	248	1425
48400	258	74	271	239	1433
48420	245	74	271	239	1446
48440	242	74	270	248	1441
48460	252	74	270	248	1431
48480	244	74	271	230	1456
48500	246	74	271	235	1449
48520	250	74	271	243	1437
48540	253	74	270	250	1428
48560	241	74	271	252	1437
48580	262	74	271	231	1437
48600	253	74	272	261	1415
48620	258	74	270	230	1443
48640	256	74	271	219	1455
48660	251	74	270	224	1456
48680	253	74	271	229	1448
48700	249	74	272	242	1438
48720	252	74	271	239	1439
48740	248	74	271	230	1452
48760	245	74	271	237	1448
48780	251	74	271	249	1430
48800	256	74	270	242	1433
48820	245	74	271	231	1454
48840	244	74	271	238	1448
48860	241	74	271	247	1442
48880	255	74	270	230	1446
48900	251	74	270	240	1440
48920	247	74	270	234	1450
48940	254	74	271	233	1443
48960	244	74	271	217	1469
48980	248	74	271	231	1451
49000	243	74	271	251	1436
49020	250	74	271	234	1446
49040	247	74	272	228	1454
49060	248	74	271	247	1435
49080	242	74	270	241	1448
49100	249	74	270	227	1455
49120	247	74	271	242	1441
49140	257	74	270	251	1423
49160	245	73	271	237	1449
49180	245	74	271	235	1450
49200	253	74	271	235	1442
49220	247	74	271	239	1444
49240	246	74	271	218	1466
49260	256	74	271	226	1448
49280	255	74	271	232	1443
49300	249	74	271	238	1443
49320	250	74	270	252	1429
49340	255	74	271	254	1421
49360	246	74	272	237	1446
49380	237	74	271	227	1466
49400	248	74	271	225	1457
49420	241	74	271	232	1457
49440	246	74	270	249	1436
49460	251	74	270	239	1441
49480	251	74	271	237	1442
49500	252	74	271	235	1443
49520	248	74	271	234	1448
49540	242	74	270	227	1462
49560	249	74	271	242	1439
49580	248	74	270	237	1446
49600	248	74	272	243	1438
49620	261	74	270	230	1440
49640	244	74	271	230	1456
49660	242	74	270	243	1446
49680	243	74	271	231	1456
49700	252	74	271	234	1444
49720	243	74	270	252	1436
49740	254	74	271	237	1439
49760	253	74	272	249	1427
49780	256	74	272	240	1433
49800	248	74	271	245	1437
49820	250	74	271	239	1441
49840	247	74	271	250	1433
49860	245	74	271	232	1453
49880	242	74	272	247	1440
49900	255	74	271	230	1445
49920	252	74	270	239	1440
49940	253	74	271	237	1440
49960	253	74	271	226	1451
49980	253	74	272	239	1437
50000	253	74	272	245	1431
50020	259	74	270	232	1440
50040	260	74	271	225	1445
50060	249	74	270	230	1452
50080	247	74	271	256	1427
50100	251	74	271	222	1457
50120	247	74	272	235	1447
50140	259	74	270	243	1429
50160	259	74	270	231	1441
50180	253	74	271	239	1438
50200	252	74	270	244	1435
50220	261	74	270	251	1419
50240	249	74	271	242	1439
50260	246	74	270	231	1454
50280	241	74	271	240	1449
50300	258	74	270	227	1446
50320	249	74	271	239	1442
50340	253	74	271	220	1457
50360	248	74	271	232	1450
50380	256	74	270	245	1430
50400	252	74	271	235	1443
50420	240	74	271	244	1446
50440	245	74	272	248	1436
50460	254	74	270	231	1446
50480	244	74	272	237	1448
50500	256	74	271	246	1428
50520	252	74	271	241	1437
50540	251	74	272	230	1448
50560	247	74	272	255	1427
50580	256	74	272	232	1441
50600	249	74	271	258	1423
50620	252	74	271	235	1443
50640	253	74	271	225	1452
50660	247	74	271	241	1442
50680	250	74	271	243	1437
50700	249	74	270	241	1441
50720	242	74	271	245	1443
50740	251	74	270	239	1441
50760	256	74	272	247	1426
50780	262	74	271	244	1424
50800	254	73	270	232	1446
50820	250	74	271	229	1451
50840	255	74	271	232	1443
50860	254	74	272	229	1446
50880	252	74	271	233	1445
50900	253	74	271	247	1430
50920	254	74	271	242	1434
50940	253	74	271	242	1435
50960	252	74	271	248	1430
50980	249	74	271	245	1436
51000	250	74	272	237	1442
51020	249	74	270	230	1452
51040	256	74	271	225	1449
51060	259	74	270	238	1434
51080	249	74	271	233	1448
51100	256	74	271	236	1438
51120	261	74	271	237	1432
51140	247	74	272	241	1441
51160	258	74	271	239	1433
51180	254	74	271	220	1456
51200	250	74	270	230	1451
51220	251	74	270	242	1438
51240	263	74	272	235	1431
51260	250	74	271	241	1439
51280	249	74	270	223	1459
51300	247	74	269	258	1427
51320	251	74	270	237	1443
51340	254	74	272	233	1442
51360	253	74	270	252	1426
51380	244	74	271	224	1462
51400	257	74	270	232	1442
51420	240	74	271	235	1455
51440	249	74	271	238	1443
51460	247	74	271	238	1445
51480	247	74	271	246	1437
51500	249	74	272	233	1447
51520	248	74	271	229	1453
51540	248	74	271	231	1451
51560	251	74	271	253	1426
51580	249	74	270	241	1441
51600	242	74	270	230	1459
51620	253	74	272	232	1444
51640	243	74	271	246	1441
51660	253	74	271	251	1426
51680	257	74	271	234	1439
51700	250	74	271	227	1453
51720	249	74	271	232	1449
51740	250	74	272	240	1439
51760	255	74	272	241	1433
51780	238	74	272	247	1444
51800	245	74	270	246	1440
51820	248	74	272	225	1456
51840	252	74	271	252	1426
51860	251	74	271	239	1440
51880	250	74	271	238	1442
51900	254	74	271	232	1444
51920	255	74	273	234	1439
51940	253	74	271	231	1446
51960	262	74	271	243	1425
51980	251	74	271	238	1441
52000	262	74	271	221	1447
52020	243	74	272	254	1432
52040	255	74	270	223	1453
52060	242	74	271	257	1431
52080	252	74	271	226	1452
52100	258	74	271	235	1437
52120	256	74	272	236	1437
52140	248	74	270	241	1442
52160	247	74	271	253	1430
52180	245	74	270	244	1442
52200	248	74	271	251	1431
52220	256	74	270	239	1436
52240	256	74	270	238	1437
52260	247	74	270	236	1448
52280	253	74	271	243	1434
52300	250	74	271	240	1440
52320	251	74	271	249	1430
52340	249	74	271	245	1436
52360	248	74	271	235	1447
52380	242	74	271	252	1436
52400	245	74	271	244	1441
52420	247	74	270	242	1442
52440	246	74	270	242	1443
52460	251	74	270	246	1434
52480	249	74	271	232	1449
52500	248	74	270	231	1452
52520	252	74	271	251	1427
52540	245	74	271	234	1451
52560	251	74	271	233	1446
52580	249	74	271	232	1449
52600	249	74	271	244	1437
52620	249	74	270	233	1449
52640	257	74	272	242	1430
52660	247	74	270	249	1435
52680	253	74	272	233	1443
52700	256	74	271	238	1436
52720	247	74	271	242	1441
52740	245	74	271	227	1458
52760	253	74	272	227	1449
52780	250	74	271	240	1440
52800	258	74	271	232	1440
52820	247	74	271	242	1441
52840	256	74	270	240	1435
52860	253	74	271	237	1440
52880	242	74	270	235	1454
52900	246	74	271	242	1442
52920	257	74	271	225	1448
52940	250	74	270	225	1456
52960	252	74	271	238	1440
52980	251	74	271	245	1434
53000	256	74	271	229	1445
53020	250	74	271	217	1463
53040	246	74	272	216	1467
53060	246	74	272	246	1437
53080	247	74	271	239	1444
53100	246	74	271	248	1436
53120	241	74	271	241	1448
53140	246	74	272	237	1446
53160	248	74	270	240	1443
53180	251	74	270	233	1447
53200	250	74	271	237	1443
53220	248	74	271	238	1444
53240	239	74	271	251	1440
53260	247	74	270	241	1443
53280	248	74	271	236	1446
53300	252	74	271	249	1429
53320	247	74	270	239	1445
53340	247	74	271	243	1440
53360	250	74	270	229	1452
53380	254	74	271	226	1450
53400	254	74	270	219	1458
53420	255	74	272	222	1452
53440	248	74	270	248	1435
53460	246	74	271	228	1456
53480	256	74	271	244	1430
53500	244	74	271	240	1446
53520	256	74	271	230	1444
53540	236	74	271	231	1463
53560	258	74	271	242	1430
53580	251	74	271	241	1438
53600	241	74	271	247	1442
53620	262	74	270	240	1429
53640	252	74	271	224	1454
53660	250	74	270	239	1442
53680	249	74	271	250	1431
53700	245	74	270	252	1434
53720	256	74	272	250	1423
53740	245	74	270	250	1436
53760	247	74	271	229	1454
53780	246	74	271	227	1457
53800	252	74	270	243	1436
53820	255	74	271	233	1442
53840	251	74	271	237	1442
53860	259	74	270	224	1448
53880	248	74	271	222	1460
53900	242	74	271	217	1471
53920	246	74	272	242	1441
53940	253	74	270	245	1433
53960	247	74	271	235	1448
53980	248	74	271	241	1441
54000	249	74	271	226	1455
54020	256	74	270	237	1438
54040	245	74	271	235	1450
54060	245	74	270	255	1431
54080	244	74	271	251	1435
54100	257	74	271	255	1418
54120	264	74	270	240	1427
54140	242	74	271	240	1448
54160	250	74	270	245	1436
54180	247	74	270	242	1442
54200	252	74	273	236	1440
54220	262	74	271	242	1426
54240	257	74	270	240	1434
54260	267	74	270	249	1415
54280	258	74	271	244	1428
54300	253	74	271	247	1430
54320	241	74	271	248	1441
54340	252	74	272	232	1445
54360	252	74	270	242	1437
54380	249	74	271	228	1453
54400	259	74	271	233	1438
54420	256	74	270	233	1442
54440	239	74	271	227	1464
54460	255	74	272	233	1441
54480	249	74	271	241	1440
54500	258	74	272	227	1444
54520	258	74	270	232	1441
54540	249	74	270	236	1446
54560	252	74	271	238	1440
54580	252	74	270	227	1452
54600	251	74	271	248	1431
54620	251	74	272	232	1446
54640	258	74	272	237	1434
54660	264	74	272	258	1407
54680	238	74	271	249	1443
54700	250	74	271	229	1451
54720	258	73	271	235	1438
54740	252	73	272	246	1432
54760	250	74	272	227	1452
54780	258	74	272	254	1417
54800	252	74	270	228	1451
54820	250	74	272	223	1456
54840	254	74	271	235	1441
54860	250	74	271	227	1453
54880	260	74	272	257	1412
54900	238	74	270	231	1462
54920	240	74	271	229	1461
54940	242	74	271	238	1450
54960	255	74	271	226	1449
54980	251	74	271	234	1445
55000	255	74	272	250	1424
55020	252	74	271	233	1445
55040	249	74	271	232	1449
55060	256	74	271	221	1453
55080	251	74	271	239	1440
55100	251	74	271	237	1442
55120	253	74	271	249	1428
55140	258	74	271	256	1416
55160	247	74	271	250	1433
55180	247	74	272	243	1439
55200	251	74	271	251	1428
55220	247	73	272	254	1429
55240	244	74	270	227	1460
55260	252	74	271	235	1443
55280	251	74	271	245	1434
55300	249	74	271	232	1449
55320	257	74	271	231	1442
55340	249	74	271	249	1432
55360	252	74	271	248	1430
55380	244	74	272	227	1458
55400	251	74	272	234	1444
55420	252	74	271	247	1431
55440	258	74	271	247	1425
55460	249	74	270	247	1435
55480	260	74	270	236	1435
55500	248	74	272	239	1442
55520	240	74	271	232	1458
55540	256	74	271	237	1437
55560	247	74	271	229	1454
55580	251	74	271	251	1428
55600	254	74	270	233	1444
55620	244	74	270	242	1445
55640	253	74	271	248	1429
55660	257	74	271	237	1436
55680	244	74	270	237	1450
55700	245	74	271	234	1451
55720	247	74	271	248	1435
55740	259	74	270	255	1417
55760	246	74	270	240	1445
55780	250	74	271	228	1452
55800	254	74	271	221	1455
55820	253	74	271	250	1427
55840	263	73	273	221	1445
55860	248	74	271	240	1442
55880	262	74	271	231	1437
55900	250	74	271	247	1433
55920	242	74	271	243	1445
55940	254	74	270	242	1435
55960	240	74	271	226	1464
55980	256	74	270	227	1448
56000	253	74	271	241	1436
56020	245	74	272	236	1448
56040	250	74	270	241	1440
56060	247	74	270	256	1428
56080	254	74	271	244	1432
56100	245	74	271	237	1448
56120	263	74	271	247	1420
56140	251	74	271	237	1442
56160	245	74	272	248	1436
56180	251	74	271	234	1445
56200	251	74	271	247	1432
56220	246	74	271	254	1430
56240	248	74	271	236	1446
56260	249	74	271	229	1452
56280	255	74	271	239	1436
56300	253	74	271	228	1449
56320	249	74	271	237	1444
56340	259	74	271	248	1423
56360	251	74	271	243	1436
56380	255	74	271	235	1440
56400	243	74	271	237	1450
56420	251	74	272	233	1445
56440	248	74	270	233	1450
56460	249	74	271	237	1444
56480	246	74	270	256	1429
56500	255	74	271	247	1428
56520	251	74	270	223	1457
56540	243	74	270	252	1436
56560	264	74	271	237	1429
56580	252	74	271	227	1451
56600	244	74	272	228	1457
56620	251	74	271	237	1442
56640	249	74	271	237	1444
56660	252	74	271	237	1441
56680	253	73	271	239	1439
56700	248	74	270	231	1452
56720	251	74	271	222	1457
56740	243	74	271	246	1441
56760	259	74	271	224	1447
56780	241	74	270	235	1455
56800	262	74	271	227	1441
56820	247	74	270	243	1441
56840	253	74	270	246	1432
56860	244	74	271	239	1447
56880	259	74	271	246	1425
56900	254	74	270	232	1445
56920	244	74	270	223	1464
56940	258	74	271	241	1431
56960	250	74	272	242	1437
56980	255	74	270	258	1418
57000	246	74	272	234	1449
57020	249	74	271	239	1442
57040	241	74	270	248	1442
57060	252	74	270	220	1459
57080	253	74	271	228	1449
57100	252	74	270	225	1454
57120	246	74	271	243	1441
57140	253	74	270	243	1435
57160	251	73	272	237	1442
57180	243	74	270	237	1451
57200	246	74	271	250	1434
57220	250	74	271	229	1451
57240	249	74	270	240	1442
57260	248	74	271	234	1448
57280	250	74	271	223	1457
57300	243	74	271	222	1465
57320	257	74	271	243	1430
57340	245	74	272	225	1459
57360	242	74	271	242	1446
57380	252	74	271	233	1445
57400	254	74	270	252	1425
57420	251	74	271	228	1451
57440	242	74	270	226	1463
57460	245	74	271	240	1445
57480	250	74	272	227	1452
57500	248	74	271	240	1442
57520	261	74	271	231	1438
57540	238	74	272	224	1467
57560	253	74	272	238	1438
57580	254	74	271	238	1438
57600	261	74	272	229	1439
57620	258	73	270	231	1443
57640	245	74	271	245	1440
57660	262	74	270	245	1424
57680	245	74	271	252	1433
57700	250	74	271	219	1461
57720	256	74	271	243	1431
57740	248	74	271	223	1459
57760	255	74	272	215	1459
57780	248	74	271	235	1447
57800	246	74	270	229	1456
57820	259	74	270	251	1421
57840	250	74	271	243	1437
57860	258	74	271	249	1423
57880	250	74	270	234	1447
57900	254	74	272	246	1429
57920	251	74	270	238	1442
57940	254	74	270	247	1430
57960	251	74	272	256	1422
57980	247	74	270	235	1449
58000	249	74	270	241	1441
58020	252	74	271	225	1453
58040	252	74	272	229	1448
58060	254	74	270	245	1432
58080	256	74	271	261	1413
58100	254	74	271	234	1442
58120	255	74	271	237	1438
58140	249	74	270	244	1438
58160	249	74	271	233	1448
58180	253	74	271	233	1444
58200	248	74	272	224	1457
58220	253	74	272	256	1420
58240	250	74	270	247	1434
58260	249	74	271	224	1457
58280	247	74	270	244	1440
58300	247	74	271	248	1435
58320	266	74	271	221	1443
58340	254	74	270	230	1447
58360	250	73	271	249	1432
58380	256	74	271	243	1431
58400	245	74	270	244	1442
58420	247	74	271	233	1450
58440	253	74	270	247	1431
58460	253	74	271	252	1425
58480	250	74	272	239	1440
58500	252	74	270	247	1432
58520	240	74	270	235	1456
58540	248	74	271	252	1430
58560	251	74	272	234	1444
58580	248	74	270	238	1445
58600	238	74	271	251	1441
58620	251	74	271	247	1432
58640	255	74	272	244	1430
58660	252	74	271	230	1448
58680	248	74	270	234	1449
58700	257	74	271	255	1418
58720	256	74	272	255	1418
58740	251	73	271	241	1439
58760	252	74	271	234	1444
58780	243	74	272	258	1428
58800	245	74	271	242	1443
58820	241	74	271	249	1440
58840	248	74	272	248	1433
58860	252	74	270	241	1438
58880	242	74	271	228	1460
58900	257	74	271	233	1440
58920	252	74	271	221	1457
58940	252	74	271	234	1444
58960	242	74	271	240	1448
58980	240	74	271	245	1445
59000	252	74	270	238	1441
59020	266	74	272	229	1434
59040	259	74	271	227	1444
59060	246	74	270	247	1438
59080	250	74	272	236	1443
59100	241	74	270	248	1442
59120	247	74	271	233	1450
59140	255	74	270	239	1437
59160	248	74	271	236	1446
59180	261	74	270	237	1433
59200	244	74	272	248	1437
59220	246	74	271	233	1451
59240	250	74	272	248	1431
59260	249	74	271	247	1434
59280	255	74	271	230	1445
59300	246	74	272	223	1460
59320	248	74	271	239	1443
59340	249	74	271	238	1443
59360	258	74	270	246	1427
59380	252	74	271	244	1434
59400	252	74	271	247	1431
59420	259	74	272	238	1432
59440	257	74	271	223	1450
59460	250	74	272	250	1429
59480	249	74	272	239	1441
59500	252	74	270	244	1435
59520	257	74	270	239	1435
59540	251	74	271	247	1432
59560	249	74	271	237	1444
59580	244	74	270	226	1461
59600	258	73	272	242	1430
59620	250	74	271	247	1433
59640	258	74	271	223	1449
59660	253	74	270	245	1433
59680	248	74	271	234	1448
59700	256	74	271	234	1440
59720	255	74	272	236	1438
59740	251	74	271	234	1445
59760	247	74	271	235	1448
59780	250	74	272	248	1431
59800	245	74	271	241	1444
59820	250	74	271	232	1448
59840	247	74	271	237	1446
59860	249	74	271	232	1449
59880	261	74	272	262	1406
59900	251	74	271	252	1427
59920	247	74	271	245	1438
59940	248	74	271	240	1442
59960	249	74	272	239	1441
59980	245	74	272	241	1443
60000	243	74	271	246	1441
60020	250	74	272	234	1445
60040	253	74	270	252	1426
60060	254	74	270	238	1439
60080	256	74	271	246	1428
60100	245	74	271	253	1432
60120	255	74	271	224	1451
60140	244	74	271	234	1452
60160	258	74	270	246	1427
60180	250	74	270	244	1437
60200	256	74	271	227	1447
60220	254	74	271	234	1442
60240	262	74	271	236	1432
60260	252	74	270	224	1455
60280	255	74	272	255	1419
60300	248	74	271	241	1441
60320	256	74	270	243	1432
60340	248	74	271	230	1452
60360	254	74	272	247	1428
60380	267	74	271	239	1424
60400	248	74	271	239	1443
60420	249	74	271	241	1440
60440	263	73	272	224	1443
60460	254	74	270	246	1431
60480	246	74	272	247	1436
60500	253	74	271	237	1440
60520	249	74	272	241	1439
60540	244	74	271	241	1445
60560	249	74	270	238	1444
60580	251	74	272	241	1437
60600	253	74	271	235	1442
60620	255	74	270	225	1451
60640	246	74	271	237	1447
60660	255	74	270	236	1440
60680	245	74	272	243	1441
60700	242	74	270	244	1445
60720	254	74	271	233	1443
60740	253	74	271	247	1430
60760	248	74	270	227	1456
60780	249	74	271	226	1455
60800	253	74	271	223	1454
60820	253	74	271	235	1442
60840	244	74	272	232	1453
60860	258	74	271	231	1441
60880	247	74	271	247	1436
60900	256	74	270	229	1446
60920	253	74	271	248	1429
60940	243	74	271	236	1451
60960	243	74	271	238	1449
60980	261	74	271	240	1429
61000	250	74	271	229	1451
61020	252	74	271	231	1447
61040	248	74	270	239	1444
61060	243	74	271	236	1451
61080	254	74	271	224	1452
61100	251	74	271	241	1438
61120	256	74	270	251	1424
61140	247	74	270	246	1438
61160	248	74	272	244	1437
61180	257	74	271	235	1438
61200	243	74	270	232	1456
61220	260	74	270	224	1447
61240	246	74	271	250	1434
61260	243	74	272	248	1438
61280	247	74	272	232	1450
61300	249	74	270	228	1454
61320	248	74	270	244	1439
61340	250	74	271	239	1441
61360	256	74	270	245	1430
61380	251	74	270	242	1438
61400	249	74	271	236	1445
61420	255	74	270	222	1454
61440	248	74	270	235	1448
61460	245	74	271	248	1437
61480	251	74	271	260	1419
61500	247	74	271	233	1450
61520	244	74	270	236	1451
61540	255	74	272	254	1420
61560	249	74	270	236	1446
61580	250	74	271	245	1435
61600	249	74	272	240	1440
61620	242	74	271	238	1450
61640	247	74	270	243	1441
61660	253	74	271	238	1439
61680	246	74	271	231	1453
61700	250	74	272	229	1450
61720	251	74	271	230	1449
61740	255	74	271	228	1447
61760	249	73	272	242	1439
61780	254	74	271	229	1447
61800	249	74	271	236	1445
61820	250	74	271	233	1447
61840	253	74	270	234	1444
61860	242	74	270	238	1451
61880	262	74	270	241	1428
61900	244	74	272	225	1460
61920	251	74	271	251	1428
61940	254	74	271	245	1431
61960	246	74	271	248	1436
61980	248	74	271	234	1448
62000	247	74	270	236	1448
62020	242	74	270	242	1447
62040	249	73	272	227	1454
62060	255	74	271	257	1418
62080	250	74	272	235	1444
62100	248	74	270	247	1436
62120	250	74	272	247	1432
62140	257	73	271	240	1434
62160	251	74	270	236	1444
62180	244	74	271	240	1446
62200	253	74	271	236	1441
62220	240	74	270	252	1439
62240	257	74	272	248	1424
62260	250	74	271	223	1457
62280	260	74	270	233	1438
62300	242	74	270	231	1458
62320	255	74	271	262	1413
62340	250	74	271	246	1434
62360	250	74	271	254	1426
62380	252	74	271	245	1433
62400	245	74	271	245	1440
62420	256	74	270	241	1434
62440	246	74	271	243	1441
62460	252	74	272	238	1439
62480	249	74	271	242	1439
62500	251	74	271	249	1430
62520	252	74	271	246	1432
62540	245	74	270	232	1454
62560	255	74	271	229	1446
62580	240	74	270	250	1441
62600	238	74	270	243	1450
62620	260	74	270	232	1439
62640	250	74	271	237	1443
62660	251	74	271	242	1437
62680	248	74	271	241	1441
62700	252	74	270	254	1425
62720	246	74	271	238	1446
62740	245	74	271	249	1436
62760	242	74	271	237	1451
62780	256	74	270	225	1450
62800	258	74	271	232	1440
62820	252	74	270	227	1452
62840	251	74	271	237	1442
62860	253	74	271	247	1430
62880	246	74	270	234	1451
62900	256	74	271	233	1441
62920	255	74	271	248	1427
62940	256	74	270	238	1437
62960	254	74	272	255	1420
62980	249	74	270	249	1433
63000	247	74	271	229	1454
63020	249	74	271	246	1435
63040	250	74	270	235	1446
63060	255	74	270	246	1430
63080	255	74	271	239	1436
63100	245	74	271	237	1448
63120	245	74	271	233	1452
63140	258	74	271	239	1433
63160	258	74	272	231	1440
63180	255	74	271	252	1423
63200	255	74	271	239	1436
63220	247	74	271	226	1457
63240	255	74	272	248	1426
63260	257	74	272	232	1440
63280	245	74	271	253	1432
63300	246	73	271	245	1440
63320	254	74	271	241	1435
63340	254	74	272	234	1441
63360	245	74	271	234	1451
63380	252	74	271	236	1442
63400	248	74	271	230	1452
63420	250	74	271	233	1447
63440	253	74	270	238	1440
63460	242	74	270	237	1452
63480	253	74	270	234	1444
63500	253	74	270	224	1454
63520	241	74	271	220	1469
63540	249	74	271	233	1448
63560	250	74	270	234	1447
63580	247	74	271	231	1452
63600	250	74	272	241	1438
63620	255	74	272	217	1457
63640	256	74	271	236	1438
63660	253	74	271	242	1435
63680	255	74	271	240	1435
63700	257	74	271	233	1440
63720	259	74	271	241	1430
63740	245	74	271	241	1444
63760	248	74	270	236	1447
63780	244	74	270	240	1447
63800	246	74	271	251	1433
63820	245	74	272	241	1443
63840	250	74	271	238	1442
63860	258	74	271	222	1450
63880	245	74	270	230	1456
63900	245	74	271	227	1458
63920	255	74	272	232	1442
63940	255	74	271	231	1444
63960	244	74	271	243	1443
63980	255	74	271	237	1438
64000	247	74	271	233	1450
64020	252	74	271	223	1455
64040	264	74	271	237	1429
64060	261	74	270	250	1420
64080	253	74	270	237	1441
64100	250	74	270	239	1442
64120	249	74	270	242	1440
64140	257	74	271	223	1450
64160	245	74	271	236	1449
64180	258	74	272	223	1448
64200	246	74	272	235	1448
64220	254	74	270	244	1433
64240	251	74	270	224	1456
64260	260	74	272	233	1436
64280	250	74	270	240	1441
64300	254	74	270	250	1427
64320	256	74	271	233	1441
64340	253	74	271	235	1442
64360	237	74	271	246	1447
64380	255	73	271	237	1439
64400	240	74	271	234	1456
64420	254	74	272	231	1444
64440	254	74	271	232	1444
64460	244	74	273	234	1450
64480	254	74	270	239	1438
64500	254	74	272	227	1448
64520	255	74	271	242	1433
64540	250	74	271	224	1456
64560	250	74	271	233	1447
64580	250	74	271	229	1451
64600	256	74	272	242	1431
64620	246	74	270	246	1439
64640	252	74	271	238	1440
64660	248	74	271	225	1457
64680	253	74	271	251	1426
64700	251	74	272	242	1436
64720	245	74	271	235	1450
64740	254	74	272	231	1444
64760	248	74	271	239	1443
64780	253	74	271	226	1451
64800	248	74	271	244	1438
64820	253	74	271	244	1433
64840	261	74	272	232	1436
64860	255	74	271	223	1452
64880	255	74	270	237	1439
64900	253	74	271	226	1451
64920	244	74	271	247	1439
64940	237	74	270	241	1453
64960	266	74	272	222	1441
64980	259	74	271	241	1430
65000	251	74	272	229	1449
65020	247	74	271	242	1441
65040	239	74	271	237	1454
65060	251	74	271	234	1445
65080	242	74	271	237	1451
65100	255	74	271	234	1441
65120	247	74	272	246	1436
65140	251	74	271	237	1442
65160	258	74	271	235	1437
65180	250	74	270	230	1451
65200	258	74	271	238	1434
65220	250	74	271	229	1451
65240	248	74	272	244	1437
65260	253	74	270	238	1440
65280	252	74	271	239	1439
65300	253	74	270	234	1444
65320	255	74	270	248	1428
65340	262	74	271	225	1443
65360	256	74	270	232	1443
65380	243	74	271	237	1450
65400	247	74	270	245	1439
65420	249	74	271	238	1443
65440	254	74	271	229	1447
65460	258	74	272	240	1431
65480	253	74	271	240	1437
65500	243	74	272	235	1451
65520	249	74	272	224	1456
65540	260	74	271	242	1428
65560	245	74	271	231	1454
65580	246	74	271	243	1441
65600	249	74	271	256	1425
65620	262	74	270	222	1447
65640	247	74	272	233	1449
65660	251	74	271	251	1428
65680	240	74	271	238	1452
65700	250	74	271	260	1420
65720	242	74	271	242	1446
65740	249	74	270	243	1439
65760	243	74	272	254	1432
65780	245	74	272	253	1431
65800	245	74	271	245	1440
65820	253	74	271	236	1441
65840	249	74	272	247	1433
65860	258	74	272	246	1425
65880	252	74	271	237	1441
65900	254	74	271	228	1448
65920	261	74	270	240	1430
65940	254	74	271	234	1442
65960	250	74	271	240	1440
65980	254	74	271	230	1446
66000	240	74	272	232	1457
66020	258	74	271	236	1436
66040	255	74	271	226	1449
66060	249	74	270	232	1450
66080	246	74	270	233	1452
66100	241	74	271	226	1463
66120	248	74	271	259	1423
66140	248	74	272	236	1445
66160	253	74	271	249	1428
66180	243	74	271	240	1447
66200	247	74	272	240	1442
66220	259	74	270	233	1439
66240	243	74	271	240	1447
66260	253	74	271	235	1442
66280	248	74	271	237	1445
66300	255	74	272	232	1442
66320	254	74	271	236	1440
66340	265	74	270	234	1432
66360	254	74	270	241	1436
66380	249	74	270	250	1432
66400	256	73	271	245	1430
66420	245	74	271	243	1442
66440	261	74	271	243	1426
66460	255	74	271	225	1450
66480	259	74	272	226	1444
66500	252	74	271	237	1441
66520	249	74	271	225	1456
66540	247	74	270	239	1445
66560	253	73	270	236	1443
66580	262	74	271	249	1419
66600	256	74	270	243	1432
66620	249	74	271	234	1447
66640	241	74	271	243	1446
66660	251	74	271	226	1453
66680	250	74	271	244	1436
66700	240	74	272	240	1449
66720	249	74	271	234	1447
66740	247	74	270	249	1435
66760	252	74	271	252	1426
66780	253	74	272	233	1443
66800	259	74	271	237	1434
66820	259	74	271	229	1442
66840	255	74	271	248	1427
66860	259	74	271	246	1425
66880	244	74	271	237	1449
66900	259	74	272	241	1429
66920	246	74	271	234	1450
66940	247	74	271	247	1436
66960	252	74	271	243	1435
66980	248	74	271	231	1451
67000	248	74	271	234	1448
67020	249	74	271	237	1444
67040	253	74	271	232	1445
67060	256	74	270	230	1445
67080	245	74	271	231	1454
67100	250	74	271	227	1453
67120	247	74	272	240	1442
67140	250	74	272	225	1454
67160	244	74	271	249	1437
67180	244	74	271	235	1451
67200	244	74	271	238	1448
67220	260	74	270	232	1439
67240	252	74	271	227	1451
67260	248	74	272	230	1451
67280	245	74	271	251	1434
67300	253	74	270	238	1440
67320	250	74	271	232	1448
67340	246	74	270	229	1456
67360	257	74	272	237	1435
67380	256	74	270	219	1456
67400	250	74	271	238	1442
67420	253	74	272	248	1428
67440	260	74	270	238	1433
67460	254	74	271	227	1449
67480	247	74	272	253	1429
67500	237	74	270	232	1462
67520	255	74	270	238	1438
67540	246	74	270	245	1440
67560	244	74	271	237	1449
67580	248	74	271	239	1443
67600	252	74	271	233	1445
67620	240	74	272	241	1448
67640	254	74	271	236	1440
67660	249	74	271	230	1451
67680	255	74	271	239	1436
67700	252	74	271	236	1442
67720	257	74	270	224	1450
67740	246	74	271	241	1443
67760	244	74	270	223	1464
67780	251	74	271	228	1451
67800	243	74	270	247	1441
67820	245	74	271	238	1447
67840	242	74	271	239	1449
67860	246	74	272	244	1439
67880	257	74	272	229	1443
67900	252	74	270	243	1436
67920	242	74	271	238	1450
67940	255	74	271	234	1441
67960	245	74	271	232	1453
67980	252	74	271	238	1440
68000	257	74	271	225	1448
68020	253	74	271	241	1436
68040	250	74	270	230	1451
68060	243	74	272	253	1433
68080	252	73	271	236	1443
68100	262	74	270	224	1445
68120	247	74	271	250	1433
68140	255	74	270	235	1441
68160	259	74	272	249	1421
68180	257	74	271	245	1428
68200	241	74	272	246	1442
68220	255	74	271	250	1425
68240	246	74	270	239	1446
68260	242	74	270	229	1460
68280	250	74	271	246	1434
68300	246	74	272	239	1444
68320	263	74	271	225	1442
68340	250	74	272	238	1441
68360	254	74	271	258	1418
68380	255	74	270	248	1428
68400	246	74	270	224	1461
68420	237	74	271	235	1458
68440	252	74	270	235	1444
68460	244	74	271	244	1442
68480	255	74	271	237	1438
68500	259	74	270	235	1437
68520	253	74	270	251	1427
68540	251	74	270	232	1448
68560	255	74	271	236	1439
68580	259	74	271	238	1433
68600	257	74	270	246	1428
68620	252	74	271	243	1435
68640	245	74	270	228	1458
68660	253	74	272	240	1436
68680	253	74	271	237	1440
68700	256	74	271	248	1426
68720	251	74	272	237	1441
68740	240	74	271	237	1453
68760	251	74	271	232	1447
68780	244	74	271	227	1459
68800	249	74	270	257	1425
68820	259	74	270	241	1431
68840	243	74	271	235	1452
68860	249	74	270	260	1422
68880	248	74	271	260	1422
68900	250	74	270	233	1448
68920	240	74	270	237	1454
68940	250	74	271	233	1447
68960	250	74	271	243	1437
68980	253	74	271	224	1453
69000	259	74	271	249	1422
69020	255	74	270	237	1439
69040	251	74	270	232	1448
69060	246	74	270	236	1449
69080	255	74	271	230	1445
69100	247	74	271	229	1454
69120	254	74	271	238	1438
69140	254	74	271	246	1430
69160	240	74	271	247	1443
69180	243	74	271	233	1454
69200	253	74	271	236	1441
69220	250	74	271	226	1454
69240	249	74	271	243	1438
69260	249	74	270	248	1434
69280	247	74	271	241	1442
69300	248	74	271	227	1455
69320	256	74	270	239	1436
69340	254	74	271	244	1432
69360	253	73	272	235	1442
69380	249	74	270	241	1441
69400	248	74	271	222	1460
69420	241	74	271	242	1447
69440	254	74	270	249	1428
69460	246	74	271	234	1450
69480	250	74	271	232	1448
69500	248	74	270	238	1445
69520	257	74	271	236	1437
69540	252	74	272	222	1455
69560	248	74	271	234	1448
69580	250	74	270	238	1443
69600	238	74	271	222	1470
69620	249	74	270	231	1451
69640	253	74	271	252	1425
69660	252	74	271	233	1445
69680	260	74	271	241	1429
69700	255	74	270	235	1441
69720	240	74	270	233	1458
69740	252	74	271	235	1443
69760	247	74	271	235	1448
69780	258	74	272	239	1432
69800	256	74	270	250	1425
69820	257	74	271	241	1432
69840	249	74	271	235	1446
69860	247	74	272	228	1454
69880	250	74	271	235	1445
69900	247	74	270	231	1453
69920	252	74	271	236	1442
69940	252	74	272	242	1435
69960	249	74	272	235	1445
69980	251	74	270	231	1449
